0 0
0.01 -0.000489606
0.02 -0.00195369
0.03 -0.00437812
0.04 -0.00773978
0.05 -0.0120073
0.06 -0.0171424
0.07 -0.0231008
0.08 -0.029834
0.09 -0.0372906
0.1 -0.0454177
0.11 -0.0541617
0.12 -0.0634699
0.13 -0.0732904
0.14 -0.0835736
0.15 -0.0942722
0.16 -0.105341
0.17 -0.116739
0.18 -0.128425
0.19 -0.140364
0.2 -0.152522
0.21 -0.164868
0.22 -0.177373
0.23 -0.190011
0.24 -0.202758
0.25 -0.215592
0.26 -0.228492
0.27 -0.241442
0.28 -0.254423
0.29 -0.267421
0.3 -0.280423
0.31 -0.293415
0.32 -0.306387
0.33 -0.319328
0.34 -0.332229
0.35 -0.345082
0.36 -0.357879
0.37 -0.370614
0.38 -0.383281
0.39 -0.395873
0.4 -0.408387
0.41 -0.420818
0.42 -0.433161
0.43 -0.445415
0.44 -0.457575
0.45 -0.46964
0.46 -0.481606
0.47 -0.493472
0.48 -0.505236
0.49 -0.516897
0.5 -0.528453
0.51 -0.539903
0.52 -0.551247
0.53 -0.562484
0.54 -0.573613
0.55 -0.584635
0.56 -0.595548
0.57 -0.606353
0.58 -0.61705
0.59 -0.627639
0.6 -0.63812
0.61 -0.648493
0.62 -0.658759
0.63 -0.668918
0.64 -0.678971
0.65 -0.688918
0.66 -0.69876
0.67 -0.708498
0.68 -0.718131
0.69 -0.727661
0.7 -0.737089
0.71 -0.746415
0.72 -0.75564
0.73 -0.764765
0.74 -0.773791
0.75 -0.782718
0.76 -0.791548
0.77 -0.800281
0.78 -0.808918
0.79 -0.81746
0.8 -0.825908
0.81 -0.834263
0.82 -0.842525
0.83 -0.850696
0.84 -0.858777
0.85 -0.866768
0.86 -0.87467
0.87 -0.882485
0.88 -0.890213
0.89 -0.897854
0.9 -0.905411
0.91 -0.912883
0.92 -0.920272
0.93 -0.927579
0.94 -0.934804
0.95 -0.941948
0.96 -0.949012
0.97 -0.955998
0.98 -0.962905
0.99 -0.969735
1 -0.976489
1.01 -0.983166
1.02 -0.98977
1.03 -0.996299
1.04 -1.00275
1.05 -1.00914
1.06 -1.01545
1.07 -1.02169
1.08 -1.02786
1.09 -1.03396
1.1 -1.04
1.11 -1.04596
1.12 -1.05186
1.13 -1.05769
1.14 -1.06346
1.15 -1.06916
1.16 -1.0748
1.17 -1.08038
1.18 -1.08589
1.19 -1.09134
1.2 -1.09673
1.21 -1.10206
1.22 -1.10733
1.23 -1.11254
1.24 -1.11769
1.25 -1.12278
1.26 -1.12782
1.27 -1.1328
1.28 -1.13772
1.29 -1.14259
1.3 -1.1474
1.31 -1.15216
1.32 -1.15687
1.33 -1.16152
1.34 -1.16612
1.35 -1.17067
1.36 -1.17517
1.37 -1.17961
1.38 -1.18401
1.39 -1.18836
1.4 -1.19266
1.41 -1.19691
1.42 -1.20111
1.43 -1.20527
1.44 -1.20938
1.45 -1.21344
1.46 -1.21746
1.47 -1.22143
1.48 -1.22535
1.49 -1.22924
1.5 -1.23308
1.51 -1.23687
1.52 -1.24063
1.53 -1.24434
1.54 -1.24801
1.55 -1.25164
1.56 -1.25522
1.57 -1.25877
1.58 -1.26228
1.59 -1.26575
1.6 -1.26918
1.61 -1.27257
1.62 -1.27592
1.63 -1.27923
1.64 -1.28251
1.65 -1.28575
1.66 -1.28895
1.67 -1.29212
1.68 -1.29526
1.69 -1.29835
1.7 -1.30141
1.71 -1.30444
1.72 -1.30744
1.73 -1.3104
1.74 -1.31332
1.75 -1.31622
1.76 -1.31908
1.77 -1.32191
1.78 -1.32471
1.79 -1.32747
1.8 -1.33021
1.81 -1.33291
1.82 -1.33559
1.83 -1.33823
1.84 -1.34084
1.85 -1.34343
1.86 -1.34599
1.87 -1.34851
1.88 -1.35101
1.89 -1.35348
1.9 -1.35592
1.91 -1.35834
1.92 -1.36073
1.93 -1.36309
1.94 -1.36542
1.95 -1.36773
1.96 -1.37001
1.97 -1.37227
1.98 -1.3745
1.99 -1.37671
2 -1.37889
2.01 -1.38105
2.02 -1.38318
2.03 -1.38529
2.04 -1.38737
2.05 -1.38944
2.06 -1.39148
2.07 -1.39349
2.08 -1.39548
2.09 -1.39745
2.1 -1.3994
2.11 -1.40133
2.12 -1.40323
2.13 -1.40512
2.14 -1.40698
2.15 -1.40882
2.16 -1.41064
2.17 -1.41244
2.18 -1.41422
2.19 -1.41598
2.2 -1.41772
2.21 -1.41944
2.22 -1.42114
2.23 -1.42283
2.24 -1.42449
2.25 -1.42613
2.26 -1.42776
2.27 -1.42937
2.28 -1.43096
2.29 -1.43253
2.3 -1.43408
2.31 -1.43562
2.32 -1.43714
2.33 -1.43864
2.34 -1.44013
2.35 -1.4416
2.36 -1.44305
2.37 -1.44448
2.38 -1.4459
2.39 -1.44731
2.4 -1.4487
2.41 -1.45007
2.42 -1.45143
2.43 -1.45277
2.44 -1.45409
2.45 -1.45541
2.46 -1.4567
2.47 -1.45799
2.48 -1.45925
2.49 -1.46051
2.5 -1.46175
2.51 -1.46297
2.52 -1.46418
2.53 -1.46538
2.54 -1.46657
2.55 -1.46774
2.56 -1.4689
2.57 -1.47004
2.58 -1.47118
2.59 -1.4723
2.6 -1.4734
2.61 -1.4745
2.62 -1.47558
2.63 -1.47665
2.64 -1.47771
2.65 -1.47875
2.66 -1.47979
2.67 -1.48081
2.68 -1.48182
2.69 -1.48282
2.7 -1.48381
2.71 -1.48479
2.72 -1.48576
2.73 -1.48671
2.74 -1.48766
2.75 -1.48859
2.76 -1.48952
2.77 -1.49043
2.78 -1.49133
2.79 -1.49223
2.8 -1.49311
2.81 -1.49398
2.82 -1.49485
2.83 -1.4957
2.84 -1.49654
2.85 -1.49738
2.86 -1.4982
2.87 -1.49902
2.88 -1.49983
2.89 -1.50062
2.9 -1.50141
2.91 -1.50219
2.92 -1.50296
2.93 -1.50373
2.94 -1.50448
2.95 -1.50523
2.96 -1.50596
2.97 -1.50669
2.98 -1.50741
2.99 -1.50812
3 -1.50883
3.01 -1.50953
3.02 -1.51021
3.03 -1.5109
3.04 -1.51157
3.05 -1.51223
3.06 -1.51289
3.07 -1.51354
3.08 -1.51419
3.09 -1.51482
3.1 -1.51545
3.11 -1.51607
3.12 -1.51669
3.13 -1.5173
3.14 -1.5179
3.15 -1.51849
3.16 -1.51908
3.17 -1.51966
3.18 -1.52024
3.19 -1.52081
3.2 -1.52137
3.21 -1.52192
3.22 -1.52247
3.23 -1.52302
3.24 -1.52355
3.25 -1.52408
3.26 -1.52461
3.27 -1.52513
3.28 -1.52564
3.29 -1.52615
3.3 -1.52665
3.31 -1.52715
3.32 -1.52764
3.33 -1.52812
3.34 -1.5286
3.35 -1.52908
3.36 -1.52955
3.37 -1.53001
3.38 -1.53047
3.39 -1.53092
3.4 -1.53137
3.41 -1.53181
3.42 -1.53225
3.43 -1.53268
3.44 -1.53311
3.45 -1.53354
3.46 -1.53395
3.47 -1.53437
3.48 -1.53478
3.49 -1.53518
3.5 -1.53558
3.51 -1.53598
3.52 -1.53637
3.53 -1.53676
3.54 -1.53714
3.55 -1.53752
3.56 -1.53789
3.57 -1.53826
3.58 -1.53863
3.59 -1.53899
3.6 -1.53935
3.61 -1.5397
3.62 -1.54005
3.63 -1.5404
3.64 -1.54074
3.65 -1.54108
3.66 -1.54141
3.67 -1.54174
3.68 -1.54207
3.69 -1.54239
3.7 -1.54271
3.71 -1.54302
3.72 -1.54334
3.73 -1.54364
3.74 -1.54395
3.75 -1.54425
3.76 -1.54455
3.77 -1.54485
3.78 -1.54514
3.79 -1.54543
3.8 -1.54571
3.81 -1.54599
3.82 -1.54627
3.83 -1.54655
3.84 -1.54682
3.85 -1.54709
3.86 -1.54736
3.87 -1.54762
3.88 -1.54788
3.89 -1.54814
3.9 -1.54839
3.91 -1.54864
3.92 -1.54889
3.93 -1.54914
3.94 -1.54938
3.95 -1.54962
3.96 -1.54986
3.97 -1.5501
3.98 -1.55033
3.99 -1.55056
4 -1.55079
4.01 -1.55101
4.02 -1.55123
4.03 -1.55145
4.04 -1.55167
4.05 -1.55189
4.06 -1.5521
4.07 -1.55231
4.08 -1.55252
4.09 -1.55272
4.1 -1.55293
4.11 -1.55313
4.12 -1.55332
4.13 -1.55352
4.14 -1.55372
4.15 -1.55391
4.16 -1.5541
4.17 -1.55428
4.18 -1.55447
4.19 -1.55465
4.2 -1.55484
4.21 -1.55501
4.22 -1.55519
4.23 -1.55537
4.24 -1.55554
4.25 -1.55571
4.26 -1.55588
4.27 -1.55605
4.28 -1.55622
4.29 -1.55638
4.3 -1.55654
4.31 -1.5567
4.32 -1.55686
4.33 -1.55702
4.34 -1.55717
4.35 -1.55732
4.36 -1.55748
4.37 -1.55763
4.38 -1.55777
4.39 -1.55792
4.4 -1.55806
4.41 -1.55821
4.42 -1.55835
4.43 -1.55849
4.44 -1.55863
4.45 -1.55876
4.46 -1.5589
4.47 -1.55903
4.48 -1.55917
4.49 -1.5593
4.5 -1.55943
4.51 -1.55955
4.52 -1.55968
4.53 -1.5598
4.54 -1.55993
4.55 -1.56005
4.56 -1.56017
4.57 -1.56029
4.58 -1.56041
4.59 -1.56053
4.6 -1.56064
4.61 -1.56076
4.62 -1.56087
4.63 -1.56098
4.64 -1.56109
4.65 -1.5612
4.66 -1.56131
4.67 -1.56141
4.68 -1.56152
4.69 -1.56162
4.7 -1.56173
4.71 -1.56183
4.72 -1.56193
4.73 -1.56203
4.74 -1.56213
4.75 -1.56222
4.76 -1.56232
4.77 -1.56242
4.78 -1.56251
4.79 -1.5626
4.8 -1.5627
4.81 -1.56279
4.82 -1.56288
4.83 -1.56297
4.84 -1.56305
4.85 -1.56314
4.86 -1.56323
4.87 -1.56331
4.88 -1.5634
4.89 -1.56348
4.9 -1.56356
4.91 -1.56364
4.92 -1.56372
4.93 -1.5638
4.94 -1.56388
4.95 -1.56396
4.96 -1.56404
4.97 -1.56411
4.98 -1.56419
4.99 -1.56426
5 -1.56433
5.01 -1.56441
5.02 -1.56448
5.03 -1.56455
5.04 -1.56462
5.05 -1.56469
5.06 -1.56476
5.07 -1.56483
5.08 -1.56489
5.09 -1.56496
5.1 -1.56503
5.11 -1.56509
5.12 -1.56515
5.13 -1.56522
5.14 -1.56528
5.15 -1.56534
5.16 -1.5654
5.17 -1.56546
5.18 -1.56552
5.19 -1.56558
5.2 -1.56564
5.21 -1.5657
5.22 -1.56576
5.23 -1.56581
5.24 -1.56587
5.25 -1.56593
5.26 -1.56598
5.27 -1.56603
5.28 -1.56609
5.29 -1.56614
5.3 -1.56619
5.31 -1.56625
5.32 -1.5663
5.33 -1.56635
5.34 -1.5664
5.35 -1.56645
5.36 -1.5665
5.37 -1.56654
5.38 -1.56659
5.39 -1.56664
5.4 -1.56669
5.41 -1.56673
5.42 -1.56678
5.43 -1.56682
5.44 -1.56687
5.45 -1.56691
5.46 -1.56695
5.47 -1.567
5.48 -1.56704
5.49 -1.56708
5.5 -1.56712
5.51 -1.56717
5.52 -1.56721
5.53 -1.56725
5.54 -1.56729
5.55 -1.56733
5.56 -1.56737
5.57 -1.5674
5.58 -1.56744
5.59 -1.56748
5.6 -1.56752
5.61 -1.56755
5.62 -1.56759
5.63 -1.56763
5.64 -1.56766
5.65 -1.5677
5.66 -1.56773
5.67 -1.56777
5.68 -1.5678
5.69 -1.56783
5.7 -1.56787
5.71 -1.5679
5.72 -1.56793
5.73 -1.56797
5.74 -1.568
5.75 -1.56803
5.76 -1.56806
5.77 -1.56809
5.78 -1.56812
5.79 -1.56815
5.8 -1.56818
5.81 -1.56821
5.82 -1.56824
5.83 -1.56827
5.84 -1.5683
5.85 -1.56832
5.86 -1.56835
5.87 -1.56838
5.88 -1.56841
5.89 -1.56843
5.9 -1.56846
5.91 -1.56849
5.92 -1.56851
5.93 -1.56854
5.94 -1.56856
5.95 -1.56859
5.96 -1.56861
5.97 -1.56864
5.98 -1.56866
5.99 -1.56869
6 -1.56871
6.01 -1.56873
6.02 -1.56876
6.03 -1.56878
6.04 -1.5688
6.05 -1.56882
6.06 -1.56885
6.07 -1.56887
6.08 -1.56889
6.09 -1.56891
6.1 -1.56893
6.11 -1.56895
6.12 -1.56897
6.13 -1.569
6.14 -1.56902
6.15 -1.56904
6.16 -1.56906
6.17 -1.56907
6.18 -1.56909
6.19 -1.56911
6.2 -1.56913
6.21 -1.56915
6.22 -1.56917
6.23 -1.56919
6.24 -1.56921
6.25 -1.56922
6.26 -1.56924
6.27 -1.56926
6.28 -1.56928
6.29 -1.56929
6.3 -1.56931
6.31 -1.56933
6.32 -1.56934
6.33 -1.56936
6.34 -1.56938
6.35 -1.56939
6.36 -1.56941
6.37 -1.56942
6.38 -1.56944
6.39 -1.56945
6.4 -1.56947
6.41 -1.56948
6.42 -1.5695
6.43 -1.56951
6.44 -1.56953
6.45 -1.56954
6.46 -1.56956
6.47 -1.56957
6.48 -1.56958
6.49 -1.5696
6.5 -1.56961
6.51 -1.56962
6.52 -1.56964
6.53 -1.56965
6.54 -1.56966
6.55 -1.56968
6.56 -1.56969
6.57 -1.5697
6.58 -1.56971
6.59 -1.56973
6.6 -1.56974
6.61 -1.56975
6.62 -1.56976
6.63 -1.56977
6.64 -1.56978
6.65 -1.5698
6.66 -1.56981
6.67 -1.56982
6.68 -1.56983
6.69 -1.56984
6.7 -1.56985
6.71 -1.56986
6.72 -1.56987
6.73 -1.56988
6.74 -1.56989
6.75 -1.5699
6.76 -1.56991
6.77 -1.56992
6.78 -1.56993
6.79 -1.56994
6.8 -1.56995
6.81 -1.56996
6.82 -1.56997
6.83 -1.56998
6.84 -1.56999
6.85 -1.57
6.86 -1.57001
6.87 -1.57002
6.88 -1.57002
6.89 -1.57003
6.9 -1.57004
6.91 -1.57005
6.92 -1.57006
6.93 -1.57007
6.94 -1.57008
6.95 -1.57008
6.96 -1.57009
6.97 -1.5701
6.98 -1.57011
6.99 -1.57011
7 -1.57012
7.01 -1.57013
7.02 -1.57014
7.03 -1.57015
7.04 -1.57015
7.05 -1.57016
7.06 -1.57017
7.07 -1.57017
7.08 -1.57018
7.09 -1.57019
7.1 -1.57019
7.11 -1.5702
7.12 -1.57021
7.13 -1.57021
7.14 -1.57022
7.15 -1.57023
7.16 -1.57023
7.17 -1.57024
7.18 -1.57025
7.19 -1.57025
7.2 -1.57026
7.21 -1.57026
7.22 -1.57027
7.23 -1.57028
7.24 -1.57028
7.25 -1.57029
7.26 -1.57029
7.27 -1.5703
7.28 -1.57031
7.29 -1.57031
7.3 -1.57032
7.31 -1.57032
7.32 -1.57033
7.33 -1.57033
7.34 -1.57034
7.35 -1.57034
7.36 -1.57035
7.37 -1.57035
7.38 -1.57036
7.39 -1.57036
7.4 -1.57037
7.41 -1.57037
7.42 -1.57038
7.43 -1.57038
7.44 -1.57039
7.45 -1.57039
7.46 -1.5704
7.47 -1.5704
7.48 -1.5704
7.49 -1.57041
7.5 -1.57041
7.51 -1.57042
7.52 -1.57042
7.53 -1.57043
7.54 -1.57043
7.55 -1.57043
7.56 -1.57044
7.57 -1.57044
7.58 -1.57045
7.59 -1.57045
7.6 -1.57045
7.61 -1.57046
7.62 -1.57046
7.63 -1.57047
7.64 -1.57047
7.65 -1.57047
7.66 -1.57048
7.67 -1.57048
7.68 -1.57048
7.69 -1.57049
7.7 -1.57049
7.71 -1.57049
7.72 -1.5705
7.73 -1.5705
7.74 -1.5705
7.75 -1.57051
7.76 -1.57051
7.77 -1.57051
7.78 -1.57052
7.79 -1.57052
7.8 -1.57052
7.81 -1.57053
7.82 -1.57053
7.83 -1.57053
7.84 -1.57054
7.85 -1.57054
7.86 -1.57054
7.87 -1.57054
7.88 -1.57055
7.89 -1.57055
7.9 -1.57055
7.91 -1.57056
7.92 -1.57056
7.93 -1.57056
7.94 -1.57056
7.95 -1.57057
7.96 -1.57057
7.97 -1.57057
7.98 -1.57057
7.99 -1.57058
8 -1.57058
8.01 -1.57058
8.02 -1.57058
8.03 -1.57059
8.04 -1.57059
8.05 -1.57059
8.06 -1.57059
8.07 -1.5706
8.08 -1.5706
8.09 -1.5706
8.1 -1.5706
8.11 -1.5706
8.12 -1.57061
8.13 -1.57061
8.14 -1.57061
8.15 -1.57061
8.16 -1.57061
8.17 -1.57062
8.18 -1.57062
8.19 -1.57062
8.2 -1.57062
8.21 -1.57062
8.22 -1.57063
8.23 -1.57063
8.24 -1.57063
8.25 -1.57063
8.26 -1.57063
8.27 -1.57064
8.28 -1.57064
8.29 -1.57064
8.3 -1.57064
8.31 -1.57064
8.32 -1.57064
8.33 -1.57065
8.34 -1.57065
8.35 -1.57065
8.36 -1.57065
8.37 -1.57065
8.38 -1.57065
8.39 -1.57066
8.4 -1.57066
8.41 -1.57066
8.42 -1.57066
8.43 -1.57066
8.44 -1.57066
8.45 -1.57067
8.46 -1.57067
8.47 -1.57067
8.48 -1.57067
8.49 -1.57067
8.5 -1.57067
8.51 -1.57067
8.52 -1.57068
8.53 -1.57068
8.54 -1.57068
8.55 -1.57068
8.56 -1.57068
8.57 -1.57068
8.58 -1.57068
8.59 -1.57068
8.6 -1.57069
8.61 -1.57069
8.62 -1.57069
8.63 -1.57069
8.64 -1.57069
8.65 -1.57069
8.66 -1.57069
8.67 -1.57069
8.68 -1.5707
8.69 -1.5707
8.7 -1.5707
8.71 -1.5707
8.72 -1.5707
8.73 -1.5707
8.74 -1.5707
8.75 -1.5707
8.76 -1.5707
8.77 -1.57071
8.78 -1.57071
8.79 -1.57071
8.8 -1.57071
8.81 -1.57071
8.82 -1.57071
8.83 -1.57071
8.84 -1.57071
8.85 -1.57071
8.86 -1.57071
8.87 -1.57071
8.88 -1.57072
8.89 -1.57072
8.9 -1.57072
8.91 -1.57072
8.92 -1.57072
8.93 -1.57072
8.94 -1.57072
8.95 -1.57072
8.96 -1.57072
8.97 -1.57072
8.98 -1.57072
8.99 -1.57073
9 -1.57073
9.01 -1.57073
9.02 -1.57073
9.03 -1.57073
9.04 -1.57073
9.05 -1.57073
9.06 -1.57073
9.07 -1.57073
9.08 -1.57073
9.09 -1.57073
9.1 -1.57073
9.11 -1.57073
9.12 -1.57073
9.13 -1.57074
9.14 -1.57074
9.15 -1.57074
9.16 -1.57074
9.17 -1.57074
9.18 -1.57074
9.19 -1.57074
9.2 -1.57074
9.21 -1.57074
9.22 -1.57074
9.23 -1.57074
9.24 -1.57074
9.25 -1.57074
9.26 -1.57074
9.27 -1.57074
9.28 -1.57075
9.29 -1.57075
9.3 -1.57075
9.31 -1.57075
9.32 -1.57075
9.33 -1.57075
9.34 -1.57075
9.35 -1.57075
9.36 -1.57075
9.37 -1.57075
9.38 -1.57075
9.39 -1.57075
9.4 -1.57075
9.41 -1.57075
9.42 -1.57075
9.43 -1.57075
9.44 -1.57075
9.45 -1.57075
9.46 -1.57075
9.47 -1.57076
9.48 -1.57076
9.49 -1.57076
9.5 -1.57076
9.51 -1.57076
9.52 -1.57076
9.53 -1.57076
9.54 -1.57076
9.55 -1.57076
9.56 -1.57076
9.57 -1.57076
9.58 -1.57076
9.59 -1.57076
9.6 -1.57076
9.61 -1.57076
9.62 -1.57076
9.63 -1.57076
9.64 -1.57076
9.65 -1.57076
9.66 -1.57076
9.67 -1.57076
9.68 -1.57076
9.69 -1.57076
9.7 -1.57076
9.71 -1.57076
9.72 -1.57077
9.73 -1.57077
9.74 -1.57077
9.75 -1.57077
9.76 -1.57077
9.77 -1.57077
9.78 -1.57077
9.79 -1.57077
9.8 -1.57077
9.81 -1.57077
9.82 -1.57077
9.83 -1.57077
9.84 -1.57077
9.85 -1.57077
9.86 -1.57077
9.87 -1.57077
9.88 -1.57077
9.89 -1.57077
9.9 -1.57077
9.91 -1.57077
9.92 -1.57077
9.93 -1.57077
9.94 -1.57077
9.95 -1.57077
9.96 -1.57077
9.97 -1.57077
9.98 -1.57077
9.99 -1.57077
10 -1.57077