0 0
0.01 -0.098
0.02 -0.196
0.03 -0.293999
0.04 -0.391998
0.05 -0.489993
0.06 -0.587982
0.07 -0.68596
0.08 -0.783923
0.09 -0.881861
0.1 -0.979765
0.11 -1.07762
0.12 -1.17541
0.13 -1.27313
0.14 -1.37074
0.15 -1.46822
0.16 -1.56554
0.17 -1.66266
0.18 -1.75956
0.19 -1.85619
0.2 -1.95249
0.21 -2.04843
0.22 -2.14393
0.23 -2.23894
0.24 -2.33339
0.25 -2.4272
0.26 -2.5203
0.27 -2.61259
0.28 -2.704
0.29 -2.79441
0.3 -2.88373
0.31 -2.97186
0.32 -3.05867
0.33 -3.14405
0.34 -3.22787
0.35 -3.31002
0.36 -3.39035
0.37 -3.46873
0.38 -3.54502
0.39 -3.61909
0.4 -3.69079
0.41 -3.75997
0.42 -3.82649
0.43 -3.89022
0.44 -3.951
0.45 -4.00869
0.46 -4.06317
0.47 -4.11429
0.48 -4.16193
0.49 -4.20597
0.5 -4.24629
0.51 -4.28277
0.52 -4.31534
0.53 -4.34388
0.54 -4.36833
0.55 -4.38861
0.56 -4.40467
0.57 -4.41645
0.58 -4.42393
0.59 -4.42708
0.6 -4.42589
0.61 -4.42037
0.62 -4.41053
0.63 -4.3964
0.64 -4.37803
0.65 -4.35546
0.66 -4.32876
0.67 -4.298
0.68 -4.26328
0.69 -4.22468
0.7 -4.18231
0.71 -4.13629
0.72 -4.08672
0.73 -4.03375
0.74 -3.97749
0.75 -3.91809
0.76 -3.85568
0.77 -3.79041
0.78 -3.72241
0.79 -3.65183
0.8 -3.57882
0.81 -3.50352
0.82 -3.42606
0.83 -3.3466
0.84 -3.26526
0.85 -3.18218
0.86 -3.09749
0.87 -3.01131
0.88 -2.92376
0.89 -2.83497
0.9 -2.74504
0.91 -2.65407
0.92 -2.56216
0.93 -2.46942
0.94 -2.37592
0.95 -2.28175
0.96 -2.18699
0.97 -2.0917
0.98 -1.99595
0.99 -1.89981
1 -1.80332
1.01 -1.70654
1.02 -1.60951
1.03 -1.51227
1.04 -1.41486
1.05 -1.31731
1.06 -1.21964
1.07 -1.12188
1.08 -1.02405
1.09 -0.926166
1.1 -0.828242
1.11 -0.73029
1.12 -0.632317
1.13 -0.534332
1.14 -0.43634
1.15 -0.338343
1.16 -0.240343
1.17 -0.142344
1.18 -0.0443437
1.19 0.0536563
1.2 0.151656
1.21 0.249656
1.22 0.347655
1.23 0.445652
1.24 0.543644
1.25 0.641628
1.26 0.739599
1.27 0.837549
1.28 0.93547
1.29 1.03335
1.3 1.13117
1.31 1.22892
1.32 1.32658
1.33 1.42412
1.34 1.52152
1.35 1.61874
1.36 1.71575
1.37 1.8125
1.38 1.90896
1.39 2.00507
1.4 2.10077
1.41 2.19601
1.42 2.29073
1.43 2.38483
1.44 2.47827
1.45 2.57093
1.46 2.66275
1.47 2.75363
1.48 2.84346
1.49 2.93214
1.5 3.01956
1.51 3.1056
1.52 3.19014
1.53 3.27307
1.54 3.35423
1.55 3.43351
1.56 3.51077
1.57 3.58586
1.58 3.65865
1.59 3.72899
1.6 3.79673
1.61 3.86174
1.62 3.92387
1.63 3.98298
1.64 4.03893
1.65 4.09158
1.66 4.14081
1.67 4.1865
1.68 4.22851
1.69 4.26674
1.7 4.3011
1.71 4.33147
1.72 4.35778
1.73 4.37995
1.74 4.39793
1.75 4.41165
1.76 4.42108
1.77 4.42619
1.78 4.42696
1.79 4.4234
1.8 4.41552
1.81 4.40332
1.82 4.38686
1.83 4.36618
1.84 4.34134
1.85 4.31241
1.86 4.27947
1.87 4.24262
1.88 4.20194
1.89 4.15756
1.9 4.10958
1.91 4.05813
1.92 4.00335
1.93 3.94535
1.94 3.88429
1.95 3.82029
1.96 3.75351
1.97 3.68408
1.98 3.61215
1.99 3.53787
2 3.46137
2.01 3.3828
2.02 3.30229
2.03 3.21998
2.04 3.136
2.05 3.05048
2.06 2.96354
2.07 2.8753
2.08 2.78586
2.09 2.69535
2.1 2.60386
2.11 2.51148
2.12 2.41831
2.13 2.32444
2.14 2.22993
2.15 2.13488
2.16 2.03933
2.17 1.94336
2.18 1.84702
2.19 1.75037
2.2 1.65344
2.21 1.5563
2.22 1.45896
2.23 1.36147
2.24 1.26385
2.25 1.16612
2.26 1.06832
2.27 0.970463
2.28 0.872556
2.29 0.774615
2.3 0.67665
2.31 0.57867
2.32 0.480681
2.33 0.382685
2.34 0.284687
2.35 0.186687
2.36 0.0886874
2.37 -0.00931264
2.38 -0.107313
2.39 -0.205313
2.4 -0.303312
2.41 -0.40131
2.42 -0.499305
2.43 -0.597293
2.44 -0.69527
2.45 -0.793231
2.46 -0.891166
2.47 -0.989066
2.48 -1.08692
2.49 -1.1847
2.5 -1.28241
2.51 -1.38
2.52 -1.47747
2.53 -1.57477
2.54 -1.67188
2.55 -1.76876
2.56 -1.86536
2.57 -1.96163
2.58 -2.05752
2.59 -2.15298
2.6 -2.24794
2.61 -2.34233
2.62 -2.43608
2.63 -2.5291
2.64 -2.62132
2.65 -2.71263
2.66 -2.80295
2.67 -2.89216
2.68 -2.98017
2.69 -3.06685
2.7 -3.15208
2.71 -3.23575
2.72 -3.31773
2.73 -3.39788
2.74 -3.47607
2.75 -3.55216
2.76 -3.62601
2.77 -3.69747
2.78 -3.76641
2.79 -3.83267
2.8 -3.89612
2.81 -3.95661
2.82 -4.01401
2.83 -4.06817
2.84 -4.11897
2.85 -4.16627
2.86 -4.20996
2.87 -4.24992
2.88 -4.28604
2.89 -4.31822
2.9 -4.34638
2.91 -4.37044
2.92 -4.39032
2.93 -4.40597
2.94 -4.41735
2.95 -4.42441
2.96 -4.42715
2.97 -4.42555
2.98 -4.41962
2.99 -4.40937
3 -4.39484
3.01 -4.37606
3.02 -4.3531
3.03 -4.32601
3.04 -4.29487
3.05 -4.25977
3.06 -4.22081
3.07 -4.17809
3.08 -4.13173
3.09 -4.08184
3.1 -4.02854
3.11 -3.97198
3.12 -3.91229
3.13 -3.8496
3.14 -3.78406
3.15 -3.71581
3.16 -3.645
3.17 -3.57176
3.18 -3.49625
3.19 -3.4186
3.2 -3.33895
3.21 -3.25744
3.22 -3.1742
3.23 -3.08936
3.24 -3.00305
3.25 -2.91538
3.26 -2.82647
3.27 -2.73643
3.28 -2.64537
3.29 -2.55339
3.3 -2.46056
3.31 -2.367
3.32 -2.27277
3.33 -2.17795
3.34 -2.08262
3.35 -1.98683
3.36 -1.89065
3.37 -1.79414
3.38 -1.69733
3.39 -1.60028
3.4 -1.50302
3.41 -1.4056
3.42 -1.30803
3.43 -1.21035
3.44 -1.11259
3.45 -1.01475
3.46 -0.916862
3.47 -0.818935
3.48 -0.72098
3.49 -0.623007
3.5 -0.525021
3.51 -0.427027
3.52 -0.32903
3.53 -0.231031
3.54 -0.133031
3.55 -0.035031
3.56 0.062969
3.57 0.160969
3.58 0.258969
3.59 0.356967
3.6 0.454964
3.61 0.552956
3.62 0.650939
3.63 0.748908
3.64 0.846856
3.65 0.944773
3.66 1.04265
3.67 1.14047
3.68 1.23821
3.69 1.33586
3.7 1.43339
3.71 1.53077
3.72 1.62797
3.73 1.72495
3.74 1.82168
3.75 1.91811
3.76 2.01418
3.77 2.10985
3.78 2.20504
3.79 2.2997
3.8 2.39374
3.81 2.48711
3.82 2.5797
3.83 2.67143
3.84 2.76221
3.85 2.85194
3.86 2.9405
3.87 3.0278
3.88 3.1137
3.89 3.1981
3.9 3.28086
3.91 3.36185
3.92 3.44094
3.93 3.518
3.94 3.59288
3.95 3.66544
3.96 3.73554
3.97 3.80303
3.98 3.86777
3.99 3.92962
4 3.98843
4.01 4.04407
4.02 4.09641
4.03 4.14531
4.04 4.19065
4.05 4.23231
4.06 4.27018
4.07 4.30415
4.08 4.33415
4.09 4.36007
4.1 4.38184
4.11 4.39942
4.12 4.41273
4.13 4.42175
4.14 4.42645
4.15 4.42681
4.16 4.42284
4.17 4.41454
4.18 4.40194
4.19 4.38508
4.2 4.364
4.21 4.33877
4.22 4.30946
4.23 4.27614
4.24 4.23891
4.25 4.19788
4.26 4.15315
4.27 4.10484
4.28 4.05307
4.29 3.99797
4.3 3.93968
4.31 3.87833
4.32 3.81406
4.33 3.74702
4.34 3.67735
4.35 3.60519
4.36 3.53069
4.37 3.45399
4.38 3.37523
4.39 3.29454
4.4 3.21207
4.41 3.12794
4.42 3.04228
4.43 2.95521
4.44 2.86685
4.45 2.77731
4.46 2.6867
4.47 2.59512
4.48 2.50266
4.49 2.40942
4.5 2.31548
4.51 2.22092
4.52 2.12582
4.53 2.03023
4.54 1.93422
4.55 1.83785
4.56 1.74117
4.57 1.64422
4.58 1.54705
4.59 1.4497
4.6 1.35219
4.61 1.25456
4.62 1.15683
4.63 1.05903
4.64 0.961161
4.65 0.86325
4.66 0.765306
4.67 0.66734
4.68 0.569359
4.69 0.471369
4.7 0.373373
4.71 0.275374
4.72 0.177375
4.73 0.0793747
4.74 -0.0186253
4.75 -0.116625
4.76 -0.214625
4.77 -0.312625
4.78 -0.410622
4.79 -0.508616
4.8 -0.606604
4.81 -0.70458
4.82 -0.802539
4.83 -0.900471
4.84 -0.998367
4.85 -1.09621
4.86 -1.19399
4.87 -1.29169
4.88 -1.38927
4.89 -1.48672
4.9 -1.58401
4.91 -1.6811
4.92 -1.77795
4.93 -1.87452
4.94 -1.97076
4.95 -2.06661
4.96 -2.16203
4.97 -2.25694
4.98 -2.35127
4.99 -2.44495
5 -2.5379
5.01 -2.63004
5.02 -2.72126
5.03 -2.81147
5.04 -2.90058
5.05 -2.98846
5.06 -3.07501
5.07 -3.1601
5.08 -3.24362
5.09 -3.32543
5.1 -3.4054
5.11 -3.48339
5.12 -3.55928
5.13 -3.6329
5.14 -3.70413
5.15 -3.77282
5.16 -3.83882
5.17 -3.902
5.18 -3.9622
5.19 -4.0193
5.2 -4.07315
5.21 -4.12362
5.22 -4.17058
5.23 -4.21392
5.24 -4.25352
5.25 -4.28927
5.26 -4.32107
5.27 -4.34885
5.28 -4.37251
5.29 -4.39199
5.3 -4.40724
5.31 -4.4182
5.32 -4.42486
5.33 -4.42719
5.34 -4.42517
5.35 -4.41883
5.36 -4.40817
5.37 -4.39324
5.38 -4.37406
5.39 -4.3507
5.4 -4.32322
5.41 -4.2917
5.42 -4.25624
5.43 -4.21691
5.44 -4.17384
5.45 -4.12714
5.46 -4.07692
5.47 -4.02331
5.48 -3.96644
5.49 -3.90646
5.5 -3.84349
5.51 -3.77769
5.52 -3.70919
5.53 -3.63814
5.54 -3.56468
5.55 -3.48896
5.56 -3.41111
5.57 -3.33128
5.58 -3.2496
5.59 -3.1662
5.6 -3.08122
5.61 -2.99477
5.62 -2.90698
5.63 -2.81796
5.64 -2.72782
5.65 -2.63667
5.66 -2.5446
5.67 -2.4517
5.68 -2.35807
5.69 -2.26378
5.7 -2.16891
5.71 -2.07353
5.72 -1.97771
5.73 -1.8815
5.74 -1.78495
5.75 -1.68812
5.76 -1.59105
5.77 -1.49377
5.78 -1.39633
5.79 -1.29875
5.8 -1.20107
5.81 -1.10329
5.82 -1.00545
5.83 -0.907558
5.84 -0.809628
5.85 -0.711671
5.86 -0.613696
5.87 -0.515709
5.88 -0.417715
5.89 -0.319718
5.9 -0.221718
5.91 -0.123718
5.92 -0.0257184
5.93 0.0722816
5.94 0.170282
5.95 0.268281
5.96 0.36628
5.97 0.464276
5.98 0.562267
5.99 0.660249
6 0.758216
6.01 0.856162
6.02 0.954076
6.03 1.05195
6.04 1.14976
6.05 1.24749
6.06 1.34513
6.07 1.44265
6.08 1.54001
6.09 1.6372
6.1 1.73416
6.11 1.83086
6.12 1.92725
6.13 2.02329
6.14 2.11891
6.15 2.21406
6.16 2.30866
6.17 2.40265
6.18 2.49594
6.19 2.58845
6.2 2.6801
6.21 2.77078
6.22 2.8604
6.23 2.94885
6.24 3.03602
6.25 3.12179
6.26 3.20603
6.27 3.28863
6.28 3.36945
6.29 3.44836
6.3 3.52521
6.31 3.59988
6.32 3.67221
6.33 3.74206
6.34 3.8093
6.35 3.87377
6.36 3.93534
6.37 3.99386
6.38 4.04919
6.39 4.10121
6.4 4.14977
6.41 4.19477
6.42 4.23607
6.43 4.27357
6.44 4.30718
6.45 4.33678
6.46 4.36231
6.47 4.3837
6.48 4.40086
6.49 4.41377
6.5 4.42238
6.51 4.42667
6.52 4.42662
6.53 4.42224
6.54 4.41353
6.55 4.40052
6.56 4.38326
6.57 4.36178
6.58 4.33616
6.59 4.30646
6.6 4.27277
6.61 4.23518
6.62 4.19379
6.63 4.14871
6.64 4.10007
6.65 4.04798
6.66 3.99257
6.67 3.93398
6.68 3.87234
6.69 3.80781
6.7 3.74051
6.71 3.6706
6.72 3.59821
6.73 3.52349
6.74 3.44659
6.75 3.36764
6.76 3.28678
6.77 3.20414
6.78 3.11986
6.79 3.03406
6.8 2.94686
6.81 2.85839
6.82 2.76874
6.83 2.67804
6.84 2.58637
6.85 2.49383
6.86 2.40053
6.87 2.30652
6.88 2.21191
6.89 2.11675
6.9 2.02112
6.91 1.92508
6.92 1.82867
6.93 1.73197
6.94 1.635
6.95 1.53781
6.96 1.44044
6.97 1.34292
6.98 1.24528
6.99 1.14754
7 1.04973
7.01 0.951858
7.02 0.853944
7.03 0.755998
7.04 0.65803
7.05 0.560048
7.06 0.462057
7.07 0.36406
7.08 0.266062
7.09 0.168062
7.1 0.0700621
7.11 -0.0279379
7.12 -0.125938
7.13 -0.223938
7.14 -0.321937
7.15 -0.419935
7.16 -0.517928
7.17 -0.615915
7.18 -0.71389
7.19 -0.811846
7.2 -0.909776
7.21 -1.00767
7.22 -1.10551
7.23 -1.20328
7.24 -1.30096
7.25 -1.39854
7.26 -1.49598
7.27 -1.59325
7.28 -1.69031
7.29 -1.78714
7.3 -1.88368
7.31 -1.97988
7.32 -2.0757
7.33 -2.17107
7.34 -2.26593
7.35 -2.3602
7.36 -2.45382
7.37 -2.54669
7.38 -2.63874
7.39 -2.72988
7.4 -2.81999
7.41 -2.90898
7.42 -2.99675
7.43 -3.08316
7.44 -3.16811
7.45 -3.25147
7.46 -3.33311
7.47 -3.4129
7.48 -3.4907
7.49 -3.56637
7.5 -3.63978
7.51 -3.71077
7.52 -3.77921
7.53 -3.84495
7.54 -3.90785
7.55 -3.96777
7.56 -4.02456
7.57 -4.07809
7.58 -4.12823
7.59 -4.17486
7.6 -4.21785
7.61 -4.25708
7.62 -4.29246
7.63 -4.32389
7.64 -4.35127
7.65 -4.37454
7.66 -4.39362
7.67 -4.40846
7.68 -4.41902
7.69 -4.42527
7.7 -4.42718
7.71 -4.42476
7.72 -4.418
7.73 -4.40694
7.74 -4.39159
7.75 -4.37202
7.76 -4.34826
7.77 -4.3204
7.78 -4.2885
7.79 -4.25266
7.8 -4.21298
7.81 -4.16956
7.82 -4.12251
7.83 -4.07196
7.84 -4.01804
7.85 -3.96087
7.86 -3.9006
7.87 -3.83736
7.88 -3.77129
7.89 -3.70255
7.9 -3.63126
7.91 -3.55758
7.92 -3.48165
7.93 -3.40361
7.94 -3.3236
7.95 -3.24175
7.96 -3.15819
7.97 -3.07307
7.98 -2.98649
7.99 -2.89857
8 -2.80944
8.01 -2.7192
8.02 -2.62796
8.03 -2.53581
8.04 -2.44284
8.05 -2.34914
8.06 -2.25479
8.07 -2.15987
8.08 -2.06445
8.09 -1.96858
8.1 -1.87233
8.11 -1.77576
8.12 -1.6789
8.13 -1.58181
8.14 -1.48452
8.15 -1.38706
8.16 -1.28947
8.17 -1.19178
8.18 -1.094
8.19 -0.99615
8.2 -0.898253
8.21 -0.80032
8.22 -0.702361
8.23 -0.604385
8.24 -0.506397
8.25 -0.408403
8.26 -0.310405
8.27 -0.212406
8.28 -0.114406
8.29 -0.0164057
8.3 0.0815943
8.31 0.179594
8.32 0.277594
8.33 0.375592
8.34 0.473588
8.35 0.571578
8.36 0.669559
8.37 0.767525
8.38 0.865468
8.39 0.963378
8.4 1.06124
8.41 1.15905
8.42 1.25678
8.43 1.3544
8.44 1.45191
8.45 1.54926
8.46 1.64642
8.47 1.74336
8.48 1.84003
8.49 1.9364
8.5 2.0324
8.51 2.12798
8.52 2.22307
8.53 2.31762
8.54 2.41154
8.55 2.50477
8.56 2.5972
8.57 2.68876
8.58 2.77935
8.59 2.86886
8.6 2.95719
8.61 3.04423
8.62 3.12986
8.63 3.21396
8.64 3.29639
8.65 3.37703
8.66 3.45575
8.67 3.5324
8.68 3.60685
8.69 3.67896
8.7 3.74857
8.71 3.81555
8.72 3.87975
8.73 3.94103
8.74 3.99926
8.75 4.05428
8.76 4.10597
8.77 4.1542
8.78 4.19885
8.79 4.2398
8.8 4.27694
8.81 4.31016
8.82 4.33939
8.83 4.36453
8.84 4.38551
8.85 4.40228
8.86 4.41478
8.87 4.42298
8.88 4.42685
8.89 4.42639
8.9 4.42159
8.91 4.41248
8.92 4.39906
8.93 4.3814
8.94 4.35952
8.95 4.33351
8.96 4.30343
8.97 4.26936
8.98 4.23141
8.99 4.18966
9 4.14424
9.01 4.09526
9.02 4.04285
9.03 3.98713
9.04 3.92825
9.05 3.86633
9.06 3.80153
9.07 3.73398
9.08 3.66382
9.09 3.59121
9.1 3.51628
9.11 3.43917
9.12 3.36004
9.13 3.279
9.14 3.1962
9.15 3.11177
9.16 3.02583
9.17 2.93851
9.18 2.84992
9.19 2.76017
9.2 2.66936
9.21 2.57761
9.22 2.485
9.23 2.39162
9.24 2.29756
9.25 2.20289
9.26 2.10768
9.27 2.01201
9.28 1.91593
9.29 1.8195
9.3 1.72276
9.31 1.62577
9.32 1.52856
9.33 1.43118
9.34 1.33365
9.35 1.236
9.36 1.13825
9.37 1.04043
9.38 0.942556
9.39 0.844637
9.4 0.746689
9.41 0.648719
9.42 0.550736
9.43 0.452744
9.44 0.354748
9.45 0.256749
9.46 0.158749
9.47 0.0607494
9.48 -0.0372506
9.49 -0.135251
9.5 -0.23325
9.51 -0.33125
9.52 -0.429247
9.53 -0.52724
9.54 -0.625226
9.55 -0.723199
9.56 -0.821153
9.57 -0.91908
9.58 -1.01697
9.59 -1.1148
9.6 -1.21257
9.61 -1.31024
9.62 -1.4078
9.63 -1.50523
9.64 -1.60248
9.65 -1.69953
9.66 -1.79633
9.67 -1.89284
9.68 -1.98901
9.69 -2.08478
9.7 -2.18011
9.71 -2.27491
9.72 -2.36913
9.73 -2.46268
9.74 -2.55548
9.75 -2.64745
9.76 -2.73849
9.77 -2.8285
9.78 -2.91738
9.79 -3.00502
9.8 -3.0913
9.81 -3.1761
9.82 -3.2593
9.83 -3.34077
9.84 -3.42038
9.85 -3.49798
9.86 -3.57345
9.87 -3.64663
9.88 -3.71739
9.89 -3.78558
9.9 -3.85105
9.91 -3.91367
9.92 -3.9733
9.93 -4.02979
9.94 -4.083
9.95 -4.13282
9.96 -4.1791
9.97 -4.22174
9.98 -4.26061
9.99 -4.29562
10 -4.32667