0 0
0.01 -0.00049
0.02 -0.00196
0.03 -0.00441
0.04 -0.00783998
0.05 -0.0122499
0.06 -0.0176398
0.07 -0.0240095
0.08 -0.031359
0.09 -0.0396879
0.1 -0.0489961
0.11 -0.0592831
0.12 -0.0705483
0.13 -0.0827911
0.14 -0.0960105
0.15 -0.110205
0.16 -0.125374
0.17 -0.141515
0.18 -0.158627
0.19 -0.176706
0.2 -0.195749
0.21 -0.215754
0.22 -0.236717
0.23 -0.258631
0.24 -0.281494
0.25 -0.305297
0.26 -0.330035
0.27 -0.3557
0.28 -0.382284
0.29 -0.409777
0.3 -0.438169
0.31 -0.467448
0.32 -0.497601
0.33 -0.528616
0.34 -0.560477
0.35 -0.593168
0.36 -0.626671
0.37 -0.660969
0.38 -0.696039
0.39 -0.731862
0.4 -0.768413
0.41 -0.805669
0.42 -0.843604
0.43 -0.882189
0.44 -0.921398
0.45 -0.961199
0.46 -1.00156
0.47 -1.04245
0.48 -1.08384
0.49 -1.12568
0.5 -1.16794
0.51 -1.21059
0.52 -1.25358
0.53 -1.29688
0.54 -1.34045
0.55 -1.38424
0.56 -1.42821
0.57 -1.47232
0.58 -1.51652
0.59 -1.56078
0.6 -1.60505
0.61 -1.64928
0.62 -1.69344
0.63 -1.73748
0.64 -1.78136
0.65 -1.82503
0.66 -1.86845
0.67 -1.91159
0.68 -1.9544
0.69 -1.99684
0.7 -2.03888
0.71 -2.08047
0.72 -2.12159
0.73 -2.1622
0.74 -2.20226
0.75 -2.24174
0.76 -2.28061
0.77 -2.31884
0.78 -2.35641
0.79 -2.39328
0.8 -2.42944
0.81 -2.46485
0.82 -2.4995
0.83 -2.53336
0.84 -2.56643
0.85 -2.59866
0.86 -2.63006
0.87 -2.66061
0.88 -2.69028
0.89 -2.71908
0.9 -2.74698
0.91 -2.77398
0.92 -2.80006
0.93 -2.82522
0.94 -2.84944
0.95 -2.87273
0.96 -2.89508
0.97 -2.91647
0.98 -2.93691
0.99 -2.95639
1 -2.97491
1.01 -2.99245
1.02 -3.00904
1.03 -3.02464
1.04 -3.03928
1.05 -3.05294
1.06 -3.06563
1.07 -3.07733
1.08 -3.08806
1.09 -3.09781
1.1 -3.10659
1.11 -3.11438
1.12 -3.12119
1.13 -3.12703
1.14 -3.13188
1.15 -3.13575
1.16 -3.13865
1.17 -3.14056
1.18 -3.14149
1.19 -3.14145
1.2 -3.14042
1.21 -3.13841
1.22 -3.13543
1.23 -3.13146
1.24 -3.12651
1.25 -3.12059
1.26 -3.11368
1.27 -3.10579
1.28 -3.09693
1.29 -3.08709
1.3 -3.07626
1.31 -3.06446
1.32 -3.05168
1.33 -3.03793
1.34 -3.0232
1.35 -3.0075
1.36 -2.99083
1.37 -2.97319
1.38 -2.95458
1.39 -2.93501
1.4 -2.91448
1.41 -2.893
1.42 -2.87056
1.43 -2.84718
1.44 -2.82287
1.45 -2.79762
1.46 -2.77145
1.47 -2.74437
1.48 -2.71638
1.49 -2.6875
1.5 -2.65774
1.51 -2.62712
1.52 -2.59564
1.53 -2.56332
1.54 -2.53018
1.55 -2.49624
1.56 -2.46152
1.57 -2.42603
1.58 -2.38981
1.59 -2.35287
1.6 -2.31524
1.61 -2.27694
1.62 -2.23801
1.63 -2.19847
1.64 -2.15836
1.65 -2.11771
1.66 -2.07654
1.67 -2.0349
1.68 -1.99282
1.69 -1.95034
1.7 -1.9075
1.71 -1.86434
1.72 -1.82089
1.73 -1.77719
1.74 -1.7333
1.75 -1.68925
1.76 -1.64508
1.77 -1.60084
1.78 -1.55657
1.79 -1.51232
1.8 -1.46812
1.81 -1.42402
1.82 -1.38007
1.83 -1.3363
1.84 -1.29276
1.85 -1.24949
1.86 -1.20652
1.87 -1.16391
1.88 -1.12168
1.89 -1.07988
1.9 -1.03854
1.91 -0.997702
1.92 -0.957392
1.93 -0.917646
1.94 -0.878496
1.95 -0.83997
1.96 -0.802099
1.97 -0.764909
1.98 -0.728426
1.99 -0.692674
2 -0.657676
2.01 -0.623453
2.02 -0.590026
2.03 -0.557414
2.04 -0.525632
2.05 -0.494699
2.06 -0.464628
2.07 -0.435432
2.08 -0.407126
2.09 -0.379719
2.1 -0.353222
2.11 -0.327644
2.12 -0.302995
2.13 -0.27928
2.14 -0.256508
2.15 -0.234684
2.16 -0.213812
2.17 -0.193898
2.18 -0.174946
2.19 -0.156959
2.2 -0.13994
2.21 -0.123891
2.22 -0.108815
2.23 -0.0947123
2.24 -0.0815857
2.25 -0.0694357
2.26 -0.0582634
2.27 -0.0480695
2.28 -0.0388543
2.29 -0.0306185
2.3 -0.0233621
2.31 -0.0170855
2.32 -0.0117887
2.33 -0.00747191
2.34 -0.00413504
2.35 -0.00177817
2.36 -0.0004013
2.37 -4.42653e-06
2.38 -0.000587553
2.39 -0.00215068
2.4 -0.0046938
2.41 -0.00821691
2.42 -0.01272
2.43 -0.018203
2.44 -0.0246658
2.45 -0.0321083
2.46 -0.0405303
2.47 -0.0499315
2.48 -0.0603115
2.49 -0.0716697
2.5 -0.0840053
2.51 -0.0973175
2.52 -0.111605
2.53 -0.126866
2.54 -0.1431
2.55 -0.160303
2.56 -0.178474
2.57 -0.197609
2.58 -0.217705
2.59 -0.238758
2.6 -0.260763
2.61 -0.283715
2.62 -0.307608
2.63 -0.332434
2.64 -0.358187
2.65 -0.384858
2.66 -0.412436
2.67 -0.440913
2.68 -0.470276
2.69 -0.500512
2.7 -0.531608
2.71 -0.563548
2.72 -0.596317
2.73 -0.629897
2.74 -0.664268
2.75 -0.699411
2.76 -0.735304
2.77 -0.771923
2.78 -0.809245
2.79 -0.847243
2.8 -0.885889
2.81 -0.925155
2.82 -0.965011
2.83 -1.00542
2.84 -1.04636
2.85 -1.08779
2.86 -1.12968
2.87 -1.17198
2.88 -1.21466
2.89 -1.25769
2.9 -1.30101
2.91 -1.3446
2.92 -1.38841
2.93 -1.43239
2.94 -1.47651
2.95 -1.52073
2.96 -1.56499
2.97 -1.60925
2.98 -1.65348
2.99 -1.69763
3 -1.74166
3.01 -1.78551
3.02 -1.82916
3.03 -1.87256
3.04 -1.91567
3.05 -1.95845
3.06 -2.00085
3.07 -2.04285
3.08 -2.0844
3.09 -2.12547
3.1 -2.16603
3.11 -2.20603
3.12 -2.24546
3.13 -2.28427
3.14 -2.32244
3.15 -2.35994
3.16 -2.39675
3.17 -2.43283
3.18 -2.46818
3.19 -2.50275
3.2 -2.53654
3.21 -2.56952
3.22 -2.60168
3.23 -2.633
3.24 -2.66347
3.25 -2.69306
3.26 -2.72177
3.27 -2.74958
3.28 -2.77649
3.29 -2.80249
3.3 -2.82756
3.31 -2.8517
3.32 -2.8749
3.33 -2.89715
3.34 -2.91845
3.35 -2.9388
3.36 -2.95819
3.37 -2.97661
3.38 -2.99407
3.39 -3.01056
3.4 -3.02608
3.41 -3.04062
3.42 -3.05419
3.43 -3.06678
3.44 -3.0784
3.45 -3.08903
3.46 -3.09869
3.47 -3.10737
3.48 -3.11507
3.49 -3.12179
3.5 -3.12753
3.51 -3.13229
3.52 -3.13607
3.53 -3.13887
3.54 -3.14069
3.55 -3.14153
3.56 -3.14139
3.57 -3.14027
3.58 -3.13817
3.59 -3.13509
3.6 -3.13103
3.61 -3.12599
3.62 -3.11997
3.63 -3.11297
3.64 -3.10499
3.65 -3.09604
3.66 -3.0861
3.67 -3.07518
3.68 -3.06329
3.69 -3.05042
3.7 -3.03657
3.71 -3.02175
3.72 -3.00596
3.73 -2.98919
3.74 -2.97146
3.75 -2.95276
3.76 -2.9331
3.77 -2.91248
3.78 -2.8909
3.79 -2.86838
3.8 -2.84491
3.81 -2.82051
3.82 -2.79517
3.83 -2.76892
3.84 -2.74175
3.85 -2.71368
3.86 -2.68471
3.87 -2.65487
3.88 -2.62416
3.89 -2.5926
3.9 -2.5602
3.91 -2.52699
3.92 -2.49297
3.93 -2.45818
3.94 -2.42262
3.95 -2.38633
3.96 -2.34932
3.97 -2.31163
3.98 -2.27327
3.99 -2.23428
4 -2.19469
4.01 -2.15452
4.02 -2.11382
4.03 -2.0726
4.04 -2.03092
4.05 -1.9888
4.06 -1.94629
4.07 -1.90341
4.08 -1.86022
4.09 -1.81674
4.1 -1.77303
4.11 -1.72912
4.12 -1.68506
4.13 -1.64088
4.14 -1.59664
4.15 -1.55237
4.16 -1.50811
4.17 -1.46392
4.18 -1.41984
4.19 -1.3759
4.2 -1.33215
4.21 -1.28863
4.22 -1.24539
4.23 -1.20246
4.24 -1.15988
4.25 -1.11769
4.26 -1.07593
4.27 -1.03464
4.28 -0.993849
4.29 -0.953591
4.3 -0.9139
4.31 -0.874807
4.32 -0.836343
4.33 -0.798535
4.34 -0.761411
4.35 -0.724997
4.36 -0.689315
4.37 -0.65439
4.38 -0.620242
4.39 -0.586892
4.4 -0.554357
4.41 -0.522656
4.42 -0.491804
4.43 -0.461815
4.44 -0.432704
4.45 -0.404482
4.46 -0.377161
4.47 -0.350752
4.48 -0.325262
4.49 -0.300701
4.5 -0.277076
4.51 -0.254393
4.52 -0.232659
4.53 -0.211879
4.54 -0.192056
4.55 -0.173195
4.56 -0.1553
4.57 -0.138373
4.58 -0.122416
4.59 -0.107433
4.6 -0.093423
4.61 -0.0803891
4.62 -0.068332
4.63 -0.0572527
4.64 -0.0471517
4.65 -0.0380296
4.66 -0.0298868
4.67 -0.0227235
4.68 -0.01654
4.69 -0.0113364
4.7 -0.00711268
4.71 -0.00386894
4.72 -0.0016052
4.73 -0.00032145
4.74 -1.77026e-05
4.75 -0.000693955
4.76 -0.00235021
4.77 -0.00498646
4.78 -0.00860269
4.79 -0.0131989
4.8 -0.018775
4.81 -0.0253309
4.82 -0.0328665
4.83 -0.0413816
4.84 -0.0508758
4.85 -0.0613488
4.86 -0.0727999
4.87 -0.0852283
4.88 -0.0986332
4.89 -0.113013
4.9 -0.128367
4.91 -0.144693
4.92 -0.161988
4.93 -0.180251
4.94 -0.199478
4.95 -0.219665
4.96 -0.240808
4.97 -0.262904
4.98 -0.285945
4.99 -0.309927
5 -0.334842
5.01 -0.360682
5.02 -0.387439
5.03 -0.415104
5.04 -0.443665
5.05 -0.473112
5.06 -0.50343
5.07 -0.534607
5.08 -0.566627
5.09 -0.599474
5.1 -0.633129
5.11 -0.667575
5.12 -0.70279
5.13 -0.738753
5.14 -0.77544
5.15 -0.812827
5.16 -0.850888
5.17 -0.889594
5.18 -0.928918
5.19 -0.968828
5.2 -1.00929
5.21 -1.05028
5.22 -1.09175
5.23 -1.13368
5.24 -1.17602
5.25 -1.21874
5.26 -1.26179
5.27 -1.30514
5.28 -1.34875
5.29 -1.39258
5.3 -1.43658
5.31 -1.48071
5.32 -1.52493
5.33 -1.56919
5.34 -1.61346
5.35 -1.65768
5.36 -1.70182
5.37 -1.74583
5.38 -1.78967
5.39 -1.8333
5.4 -1.87667
5.41 -1.91975
5.42 -1.96249
5.43 -2.00486
5.44 -2.04682
5.45 -2.08833
5.46 -2.12935
5.47 -2.16985
5.48 -2.20981
5.49 -2.24917
5.5 -2.28792
5.51 -2.32603
5.52 -2.36347
5.53 -2.40021
5.54 -2.43622
5.55 -2.47149
5.56 -2.506
5.57 -2.53971
5.58 -2.57262
5.59 -2.6047
5.6 -2.63593
5.61 -2.66632
5.62 -2.69583
5.63 -2.72445
5.64 -2.75218
5.65 -2.779
5.66 -2.80491
5.67 -2.82989
5.68 -2.85394
5.69 -2.87705
5.7 -2.89922
5.71 -2.92043
5.72 -2.94069
5.73 -2.95998
5.74 -2.97831
5.75 -2.99568
5.76 -3.01208
5.77 -3.0275
5.78 -3.04195
5.79 -3.05543
5.8 -3.06793
5.81 -3.07945
5.82 -3.08999
5.83 -3.09956
5.84 -3.10814
5.85 -3.11575
5.86 -3.12238
5.87 -3.12802
5.88 -3.13269
5.89 -3.13638
5.9 -3.13908
5.91 -3.14081
5.92 -3.14156
5.93 -3.14133
5.94 -3.14011
5.95 -3.13792
5.96 -3.13475
5.97 -3.13059
5.98 -3.12546
5.99 -3.11935
6 -3.11226
6.01 -3.10419
6.02 -3.09513
6.03 -3.0851
6.04 -3.0741
6.05 -3.06211
6.06 -3.04915
6.07 -3.03521
6.08 -3.02029
6.09 -3.00441
6.1 -2.98755
6.11 -2.96972
6.12 -2.95093
6.13 -2.93118
6.14 -2.91047
6.15 -2.8888
6.16 -2.86619
6.17 -2.84263
6.18 -2.81814
6.19 -2.79272
6.2 -2.76637
6.21 -2.73912
6.22 -2.71096
6.23 -2.68191
6.24 -2.65199
6.25 -2.6212
6.26 -2.58956
6.27 -2.55708
6.28 -2.52379
6.29 -2.4897
6.3 -2.45483
6.31 -2.4192
6.32 -2.38284
6.33 -2.34577
6.34 -2.30801
6.35 -2.26959
6.36 -2.23054
6.37 -2.19089
6.38 -2.15068
6.39 -2.10992
6.4 -2.06866
6.41 -2.02694
6.42 -1.98478
6.43 -1.94223
6.44 -1.89932
6.45 -1.8561
6.46 -1.8126
6.47 -1.76887
6.48 -1.72494
6.49 -1.68086
6.5 -1.63668
6.51 -1.59243
6.52 -1.54816
6.53 -1.50391
6.54 -1.45973
6.55 -1.41566
6.56 -1.37173
6.57 -1.328
6.58 -1.28451
6.59 -1.2413
6.6 -1.1984
6.61 -1.15585
6.62 -1.1137
6.63 -1.07199
6.64 -1.03074
6.65 -0.989999
6.66 -0.949794
6.67 -0.910159
6.68 -0.871125
6.69 -0.832722
6.7 -0.794978
6.71 -0.75792
6.72 -0.721574
6.73 -0.685964
6.74 -0.651111
6.75 -0.617039
6.76 -0.583765
6.77 -0.551309
6.78 -0.519688
6.79 -0.488917
6.8 -0.459011
6.81 -0.429984
6.82 -0.401847
6.83 -0.374612
6.84 -0.34829
6.85 -0.322888
6.86 -0.298416
6.87 -0.27488
6.88 -0.252287
6.89 -0.230643
6.9 -0.209954
6.91 -0.190222
6.92 -0.171453
6.93 -0.15365
6.94 -0.136815
6.95 -0.120951
6.96 -0.106059
6.97 -0.0921424
6.98 -0.0792013
6.99 -0.0672371
7 -0.0562507
7.01 -0.0462427
7.02 -0.0372137
7.03 -0.029164
7.04 -0.0220938
7.05 -0.0160034
7.06 -0.0108929
7.07 -0.0067623
7.08 -0.00361169
7.09 -0.00144107
7.1 -0.000250449
7.11 -3.98282e-05
7.12 -0.000809208
7.13 -0.00255859
7.14 -0.00528796
7.15 -0.00899732
7.16 -0.0136866
7.17 -0.0193559
7.18 -0.0260049
7.19 -0.0336336
7.2 -0.0422417
7.21 -0.051829
7.22 -0.0623949
7.23 -0.0739389
7.24 -0.0864602
7.25 -0.0999578
7.26 -0.114431
7.27 -0.129877
7.28 -0.146295
7.29 -0.163682
7.3 -0.182037
7.31 -0.201355
7.32 -0.221633
7.33 -0.242867
7.34 -0.265053
7.35 -0.288184
7.36 -0.312254
7.37 -0.337258
7.38 -0.363186
7.39 -0.39003
7.4 -0.41778
7.41 -0.446426
7.42 -0.475955
7.43 -0.506356
7.44 -0.537614
7.45 -0.569713
7.46 -0.602637
7.47 -0.636369
7.48 -0.670889
7.49 -0.706176
7.5 -0.742208
7.51 -0.778963
7.52 -0.816415
7.53 -0.854539
7.54 -0.893305
7.55 -0.932686
7.56 -0.97265
7.57 -1.01317
7.58 -1.0542
7.59 -1.09572
7.6 -1.13769
7.61 -1.18006
7.62 -1.22281
7.63 -1.2659
7.64 -1.30928
7.65 -1.35291
7.66 -1.39676
7.67 -1.44077
7.68 -1.48491
7.69 -1.52914
7.7 -1.5734
7.71 -1.61766
7.72 -1.66188
7.73 -1.70601
7.74 -1.75001
7.75 -1.79383
7.76 -1.83743
7.77 -1.88078
7.78 -1.92383
7.79 -1.96654
7.8 -2.00887
7.81 -2.05078
7.82 -2.09225
7.83 -2.13322
7.84 -2.17367
7.85 -2.21357
7.86 -2.25288
7.87 -2.29157
7.88 -2.32962
7.89 -2.36699
7.9 -2.40366
7.91 -2.43961
7.92 -2.47481
7.93 -2.50923
7.94 -2.54287
7.95 -2.5757
7.96 -2.6077
7.97 -2.63886
7.98 -2.66916
7.99 -2.69858
8 -2.72713
8.01 -2.75477
8.02 -2.78151
8.03 -2.80733
8.04 -2.83222
8.05 -2.85618
8.06 -2.8792
8.07 -2.90127
8.08 -2.9224
8.09 -2.94256
8.1 -2.96177
8.11 -2.98001
8.12 -2.99728
8.13 -3.01358
8.14 -3.02892
8.15 -3.04327
8.16 -3.05666
8.17 -3.06906
8.18 -3.08049
8.19 -3.09094
8.2 -3.10041
8.21 -3.10891
8.22 -3.11642
8.23 -3.12295
8.24 -3.12851
8.25 -3.13308
8.26 -3.13668
8.27 -3.13929
8.28 -3.14092
8.29 -3.14158
8.3 -3.14125
8.31 -3.13995
8.32 -3.13766
8.33 -3.1344
8.34 -3.13015
8.35 -3.12492
8.36 -3.11872
8.37 -3.11153
8.38 -3.10337
8.39 -3.09422
8.4 -3.0841
8.41 -3.073
8.42 -3.06092
8.43 -3.04786
8.44 -3.03383
8.45 -3.01883
8.46 -3.00285
8.47 -2.9859
8.48 -2.96798
8.49 -2.9491
8.5 -2.92925
8.51 -2.90845
8.52 -2.8867
8.53 -2.86399
8.54 -2.84035
8.55 -2.81576
8.56 -2.79025
8.57 -2.76382
8.58 -2.73648
8.59 -2.70824
8.6 -2.67911
8.61 -2.6491
8.62 -2.61823
8.63 -2.58651
8.64 -2.55395
8.65 -2.52059
8.66 -2.48642
8.67 -2.45148
8.68 -2.41578
8.69 -2.37935
8.7 -2.34221
8.71 -2.30439
8.72 -2.26591
8.73 -2.2268
8.74 -2.1871
8.75 -2.14683
8.76 -2.10602
8.77 -2.06472
8.78 -2.02295
8.79 -1.98075
8.8 -1.93817
8.81 -1.89523
8.82 -1.85198
8.83 -1.80845
8.84 -1.7647
8.85 -1.72076
8.86 -1.67667
8.87 -1.63248
8.88 -1.58822
8.89 -1.54395
8.9 -1.49971
8.91 -1.45554
8.92 -1.41147
8.93 -1.36757
8.94 -1.32386
8.95 -1.28039
8.96 -1.2372
8.97 -1.19434
8.98 -1.15183
8.99 -1.10972
9 -1.06805
9.01 -1.02685
9.02 -0.986155
9.03 -0.946003
9.04 -0.906423
9.05 -0.867448
9.06 -0.829106
9.07 -0.791426
9.08 -0.754435
9.09 -0.718158
9.1 -0.682619
9.11 -0.64784
9.12 -0.613842
9.13 -0.580645
9.14 -0.548268
9.15 -0.516727
9.16 -0.486037
9.17 -0.456215
9.18 -0.427272
9.19 -0.39922
9.2 -0.372072
9.21 -0.345836
9.22 -0.320522
9.23 -0.296139
9.24 -0.272692
9.25 -0.25019
9.26 -0.228636
9.27 -0.208037
9.28 -0.188397
9.29 -0.16972
9.3 -0.152008
9.31 -0.135266
9.32 -0.119494
9.33 -0.104695
9.34 -0.0908707
9.35 -0.0780224
9.36 -0.0661511
9.37 -0.0552576
9.38 -0.0453426
9.39 -0.0364066
9.4 -0.02845
9.41 -0.0214729
9.42 -0.0154756
9.43 -0.0104582
9.44 -0.00642077
9.45 -0.00336328
9.46 -0.00128579
9.47 -0.000188297
9.48 -7.08034e-05
9.49 -0.00093331
9.5 -0.00277581
9.51 -0.00559832
9.52 -0.0094008
9.53 -0.0141832
9.54 -0.0199456
9.55 -0.0266877
9.56 -0.0344095
9.57 -0.0431107
9.58 -0.052791
9.59 -0.0634499
9.6 -0.0750868
9.61 -0.0877009
9.62 -0.101291
9.63 -0.115857
9.64 -0.131395
9.65 -0.147905
9.66 -0.165385
9.67 -0.183831
9.68 -0.203241
9.69 -0.22361
9.7 -0.244935
9.71 -0.26721
9.72 -0.290431
9.73 -0.31459
9.74 -0.339682
9.75 -0.365697
9.76 -0.392628
9.77 -0.420464
9.78 -0.449194
9.79 -0.478807
9.8 -0.50929
9.81 -0.540628
9.82 -0.572806
9.83 -0.605808
9.84 -0.639616
9.85 -0.674209
9.86 -0.709568
9.87 -0.745671
9.88 -0.782493
9.89 -0.82001
9.9 -0.858195
9.91 -0.897021
9.92 -0.936459
9.93 -0.976477
9.94 -1.01704
9.95 -1.05813
9.96 -1.09969
9.97 -1.1417
9.98 -1.18411
9.99 -1.22689
10 -1.27001