0 0
-0.00049 -0.098
-0.00196 -0.196
-0.00441 -0.293999
-0.00783998 -0.391998
-0.0122499 -0.489993
-0.0176398 -0.587982
-0.0240095 -0.68596
-0.031359 -0.783923
-0.0396879 -0.881861
-0.0489961 -0.979765
-0.0592831 -1.07762
-0.0705483 -1.17541
-0.0827911 -1.27313
-0.0960105 -1.37074
-0.110205 -1.46822
-0.125374 -1.56554
-0.141515 -1.66266
-0.158627 -1.75956
-0.176706 -1.85619
-0.195749 -1.95249
-0.215754 -2.04843
-0.236717 -2.14393
-0.258631 -2.23894
-0.281494 -2.33339
-0.305297 -2.4272
-0.330035 -2.5203
-0.3557 -2.61259
-0.382284 -2.704
-0.409777 -2.79441
-0.438169 -2.88373
-0.467448 -2.97186
-0.497601 -3.05867
-0.528616 -3.14405
-0.560477 -3.22787
-0.593168 -3.31002
-0.626671 -3.39035
-0.660969 -3.46873
-0.696039 -3.54502
-0.731862 -3.61909
-0.768413 -3.69079
-0.805669 -3.75997
-0.843604 -3.82649
-0.882189 -3.89022
-0.921398 -3.951
-0.961199 -4.00869
-1.00156 -4.06317
-1.04245 -4.11429
-1.08384 -4.16193
-1.12568 -4.20597
-1.16794 -4.24629
-1.21059 -4.28277
-1.25358 -4.31534
-1.29688 -4.34388
-1.34045 -4.36833
-1.38424 -4.38861
-1.42821 -4.40467
-1.47232 -4.41645
-1.51652 -4.42393
-1.56078 -4.42708
-1.60505 -4.42589
-1.64928 -4.42037
-1.69344 -4.41053
-1.73748 -4.3964
-1.78136 -4.37803
-1.82503 -4.35546
-1.86845 -4.32876
-1.91159 -4.298
-1.9544 -4.26328
-1.99684 -4.22468
-2.03888 -4.18231
-2.08047 -4.13629
-2.12159 -4.08672
-2.1622 -4.03375
-2.20226 -3.97749
-2.24174 -3.91809
-2.28061 -3.85568
-2.31884 -3.79041
-2.35641 -3.72241
-2.39328 -3.65183
-2.42944 -3.57882
-2.46485 -3.50352
-2.4995 -3.42606
-2.53336 -3.3466
-2.56643 -3.26526
-2.59866 -3.18218
-2.63006 -3.09749
-2.66061 -3.01131
-2.69028 -2.92376
-2.71908 -2.83497
-2.74698 -2.74504
-2.77398 -2.65407
-2.80006 -2.56216
-2.82522 -2.46942
-2.84944 -2.37592
-2.87273 -2.28175
-2.89508 -2.18699
-2.91647 -2.0917
-2.93691 -1.99595
-2.95639 -1.89981
-2.97491 -1.80332
-2.99245 -1.70654
-3.00904 -1.60951
-3.02464 -1.51227
-3.03928 -1.41486
-3.05294 -1.31731
-3.06563 -1.21964
-3.07733 -1.12188
-3.08806 -1.02405
-3.09781 -0.926166
-3.10659 -0.828242
-3.11438 -0.73029
-3.12119 -0.632317
-3.12703 -0.534332
-3.13188 -0.43634
-3.13575 -0.338343
-3.13865 -0.240343
-3.14056 -0.142344
-3.14149 -0.0443437
-3.14145 0.0536563
-3.14042 0.151656
-3.13841 0.249656
-3.13543 0.347655
-3.13146 0.445652
-3.12651 0.543644
-3.12059 0.641628
-3.11368 0.739599
-3.10579 0.837549
-3.09693 0.93547
-3.08709 1.03335
-3.07626 1.13117
-3.06446 1.22892
-3.05168 1.32658
-3.03793 1.42412
-3.0232 1.52152
-3.0075 1.61874
-2.99083 1.71575
-2.97319 1.8125
-2.95458 1.90896
-2.93501 2.00507
-2.91448 2.10077
-2.893 2.19601
-2.87056 2.29073
-2.84718 2.38483
-2.82287 2.47827
-2.79762 2.57093
-2.77145 2.66275
-2.74437 2.75363
-2.71638 2.84346
-2.6875 2.93214
-2.65774 3.01956
-2.62712 3.1056
-2.59564 3.19014
-2.56332 3.27307
-2.53018 3.35423
-2.49624 3.43351
-2.46152 3.51077
-2.42603 3.58586
-2.38981 3.65865
-2.35287 3.72899
-2.31524 3.79673
-2.27694 3.86174
-2.23801 3.92387
-2.19847 3.98298
-2.15836 4.03893
-2.11771 4.09158
-2.07654 4.14081
-2.0349 4.1865
-1.99282 4.22851
-1.95034 4.26674
-1.9075 4.3011
-1.86434 4.33147
-1.82089 4.35778
-1.77719 4.37995
-1.7333 4.39793
-1.68925 4.41165
-1.64508 4.42108
-1.60084 4.42619
-1.55657 4.42696
-1.51232 4.4234
-1.46812 4.41552
-1.42402 4.40332
-1.38007 4.38686
-1.3363 4.36618
-1.29276 4.34134
-1.24949 4.31241
-1.20652 4.27947
-1.16391 4.24262
-1.12168 4.20194
-1.07988 4.15756
-1.03854 4.10958
-0.997702 4.05813
-0.957392 4.00335
-0.917646 3.94535
-0.878496 3.88429
-0.83997 3.82029
-0.802099 3.75351
-0.764909 3.68408
-0.728426 3.61215
-0.692674 3.53787
-0.657676 3.46137
-0.623453 3.3828
-0.590026 3.30229
-0.557414 3.21998
-0.525632 3.136
-0.494699 3.05048
-0.464628 2.96354
-0.435432 2.8753
-0.407126 2.78586
-0.379719 2.69535
-0.353222 2.60386
-0.327644 2.51148
-0.302995 2.41831
-0.27928 2.32444
-0.256508 2.22993
-0.234684 2.13488
-0.213812 2.03933
-0.193898 1.94336
-0.174946 1.84702
-0.156959 1.75037
-0.13994 1.65344
-0.123891 1.5563
-0.108815 1.45896
-0.0947123 1.36147
-0.0815857 1.26385
-0.0694357 1.16612
-0.0582634 1.06832
-0.0480695 0.970463
-0.0388543 0.872556
-0.0306185 0.774615
-0.0233621 0.67665
-0.0170855 0.57867
-0.0117887 0.480681
-0.00747191 0.382685
-0.00413504 0.284687
-0.00177817 0.186687
-0.0004013 0.0886874
-4.42653e-06 -0.00931264
-0.000587553 -0.107313
-0.00215068 -0.205313
-0.0046938 -0.303312
-0.00821691 -0.40131
-0.01272 -0.499305
-0.018203 -0.597293
-0.0246658 -0.69527
-0.0321083 -0.793231
-0.0405303 -0.891166
-0.0499315 -0.989066
-0.0603115 -1.08692
-0.0716697 -1.1847
-0.0840053 -1.28241
-0.0973175 -1.38
-0.111605 -1.47747
-0.126866 -1.57477
-0.1431 -1.67188
-0.160303 -1.76876
-0.178474 -1.86536
-0.197609 -1.96163
-0.217705 -2.05752
-0.238758 -2.15298
-0.260763 -2.24794
-0.283715 -2.34233
-0.307608 -2.43608
-0.332434 -2.5291
-0.358187 -2.62132
-0.384858 -2.71263
-0.412436 -2.80295
-0.440913 -2.89216
-0.470276 -2.98017
-0.500512 -3.06685
-0.531608 -3.15208
-0.563548 -3.23575
-0.596317 -3.31773
-0.629897 -3.39788
-0.664268 -3.47607
-0.699411 -3.55216
-0.735304 -3.62601
-0.771923 -3.69747
-0.809245 -3.76641
-0.847243 -3.83267
-0.885889 -3.89612
-0.925155 -3.95661
-0.965011 -4.01401
-1.00542 -4.06817
-1.04636 -4.11897
-1.08779 -4.16627
-1.12968 -4.20996
-1.17198 -4.24992
-1.21466 -4.28604
-1.25769 -4.31822
-1.30101 -4.34638
-1.3446 -4.37044
-1.38841 -4.39032
-1.43239 -4.40597
-1.47651 -4.41735
-1.52073 -4.42441
-1.56499 -4.42715
-1.60925 -4.42555
-1.65348 -4.41962
-1.69763 -4.40937
-1.74166 -4.39484
-1.78551 -4.37606
-1.82916 -4.3531
-1.87256 -4.32601
-1.91567 -4.29487
-1.95845 -4.25977
-2.00085 -4.22081
-2.04285 -4.17809
-2.0844 -4.13173
-2.12547 -4.08184
-2.16603 -4.02854
-2.20603 -3.97198
-2.24546 -3.91229
-2.28427 -3.8496
-2.32244 -3.78406
-2.35994 -3.71581
-2.39675 -3.645
-2.43283 -3.57176
-2.46818 -3.49625
-2.50275 -3.4186
-2.53654 -3.33895
-2.56952 -3.25744
-2.60168 -3.1742
-2.633 -3.08936
-2.66347 -3.00305
-2.69306 -2.91538
-2.72177 -2.82647
-2.74958 -2.73643
-2.77649 -2.64537
-2.80249 -2.55339
-2.82756 -2.46056
-2.8517 -2.367
-2.8749 -2.27277
-2.89715 -2.17795
-2.91845 -2.08262
-2.9388 -1.98683
-2.95819 -1.89065
-2.97661 -1.79414
-2.99407 -1.69733
-3.01056 -1.60028
-3.02608 -1.50302
-3.04062 -1.4056
-3.05419 -1.30803
-3.06678 -1.21035
-3.0784 -1.11259
-3.08903 -1.01475
-3.09869 -0.916862
-3.10737 -0.818935
-3.11507 -0.72098
-3.12179 -0.623007
-3.12753 -0.525021
-3.13229 -0.427027
-3.13607 -0.32903
-3.13887 -0.231031
-3.14069 -0.133031
-3.14153 -0.035031
-3.14139 0.062969
-3.14027 0.160969
-3.13817 0.258969
-3.13509 0.356967
-3.13103 0.454964
-3.12599 0.552956
-3.11997 0.650939
-3.11297 0.748908
-3.10499 0.846856
-3.09604 0.944773
-3.0861 1.04265
-3.07518 1.14047
-3.06329 1.23821
-3.05042 1.33586
-3.03657 1.43339
-3.02175 1.53077
-3.00596 1.62797
-2.98919 1.72495
-2.97146 1.82168
-2.95276 1.91811
-2.9331 2.01418
-2.91248 2.10985
-2.8909 2.20504
-2.86838 2.2997
-2.84491 2.39374
-2.82051 2.48711
-2.79517 2.5797
-2.76892 2.67143
-2.74175 2.76221
-2.71368 2.85194
-2.68471 2.9405
-2.65487 3.0278
-2.62416 3.1137
-2.5926 3.1981
-2.5602 3.28086
-2.52699 3.36185
-2.49297 3.44094
-2.45818 3.518
-2.42262 3.59288
-2.38633 3.66544
-2.34932 3.73554
-2.31163 3.80303
-2.27327 3.86777
-2.23428 3.92962
-2.19469 3.98843
-2.15452 4.04407
-2.11382 4.09641
-2.0726 4.14531
-2.03092 4.19065
-1.9888 4.23231
-1.94629 4.27018
-1.90341 4.30415
-1.86022 4.33415
-1.81674 4.36007
-1.77303 4.38184
-1.72912 4.39942
-1.68506 4.41273
-1.64088 4.42175
-1.59664 4.42645
-1.55237 4.42681
-1.50811 4.42284
-1.46392 4.41454
-1.41984 4.40194
-1.3759 4.38508
-1.33215 4.364
-1.28863 4.33877
-1.24539 4.30946
-1.20246 4.27614
-1.15988 4.23891
-1.11769 4.19788
-1.07593 4.15315
-1.03464 4.10484
-0.993849 4.05307
-0.953591 3.99797
-0.9139 3.93968
-0.874807 3.87833
-0.836343 3.81406
-0.798535 3.74702
-0.761411 3.67735
-0.724997 3.60519
-0.689315 3.53069
-0.65439 3.45399
-0.620242 3.37523
-0.586892 3.29454
-0.554357 3.21207
-0.522656 3.12794
-0.491804 3.04228
-0.461815 2.95521
-0.432704 2.86685
-0.404482 2.77731
-0.377161 2.6867
-0.350752 2.59512
-0.325262 2.50266
-0.300701 2.40942
-0.277076 2.31548
-0.254393 2.22092
-0.232659 2.12582
-0.211879 2.03023
-0.192056 1.93422
-0.173195 1.83785
-0.1553 1.74117
-0.138373 1.64422
-0.122416 1.54705
-0.107433 1.4497
-0.093423 1.35219
-0.0803891 1.25456
-0.068332 1.15683
-0.0572527 1.05903
-0.0471517 0.961161
-0.0380296 0.86325
-0.0298868 0.765306
-0.0227235 0.66734
-0.01654 0.569359
-0.0113364 0.471369
-0.00711268 0.373373
-0.00386894 0.275374
-0.0016052 0.177375
-0.00032145 0.0793747
-1.77026e-05 -0.0186253
-0.000693955 -0.116625
-0.00235021 -0.214625
-0.00498646 -0.312625
-0.00860269 -0.410622
-0.0131989 -0.508616
-0.018775 -0.606604
-0.0253309 -0.70458
-0.0328665 -0.802539
-0.0413816 -0.900471
-0.0508758 -0.998367
-0.0613488 -1.09621
-0.0727999 -1.19399
-0.0852283 -1.29169
-0.0986332 -1.38927
-0.113013 -1.48672
-0.128367 -1.58401
-0.144693 -1.6811
-0.161988 -1.77795
-0.180251 -1.87452
-0.199478 -1.97076
-0.219665 -2.06661
-0.240808 -2.16203
-0.262904 -2.25694
-0.285945 -2.35127
-0.309927 -2.44495
-0.334842 -2.5379
-0.360682 -2.63004
-0.387439 -2.72126
-0.415104 -2.81147
-0.443665 -2.90058
-0.473112 -2.98846
-0.50343 -3.07501
-0.534607 -3.1601
-0.566627 -3.24362
-0.599474 -3.32543
-0.633129 -3.4054
-0.667575 -3.48339
-0.70279 -3.55928
-0.738753 -3.6329
-0.77544 -3.70413
-0.812827 -3.77282
-0.850888 -3.83882
-0.889594 -3.902
-0.928918 -3.9622
-0.968828 -4.0193
-1.00929 -4.07315
-1.05028 -4.12362
-1.09175 -4.17058
-1.13368 -4.21392
-1.17602 -4.25352
-1.21874 -4.28927
-1.26179 -4.32107
-1.30514 -4.34885
-1.34875 -4.37251
-1.39258 -4.39199
-1.43658 -4.40724
-1.48071 -4.4182
-1.52493 -4.42486
-1.56919 -4.42719
-1.61346 -4.42517
-1.65768 -4.41883
-1.70182 -4.40817
-1.74583 -4.39324
-1.78967 -4.37406
-1.8333 -4.3507
-1.87667 -4.32322
-1.91975 -4.2917
-1.96249 -4.25624
-2.00486 -4.21691
-2.04682 -4.17384
-2.08833 -4.12714
-2.12935 -4.07692
-2.16985 -4.02331
-2.20981 -3.96644
-2.24917 -3.90646
-2.28792 -3.84349
-2.32603 -3.77769
-2.36347 -3.70919
-2.40021 -3.63814
-2.43622 -3.56468
-2.47149 -3.48896
-2.506 -3.41111
-2.53971 -3.33128
-2.57262 -3.2496
-2.6047 -3.1662
-2.63593 -3.08122
-2.66632 -2.99477
-2.69583 -2.90698
-2.72445 -2.81796
-2.75218 -2.72782
-2.779 -2.63667
-2.80491 -2.5446
-2.82989 -2.4517
-2.85394 -2.35807
-2.87705 -2.26378
-2.89922 -2.16891
-2.92043 -2.07353
-2.94069 -1.97771
-2.95998 -1.8815
-2.97831 -1.78495
-2.99568 -1.68812
-3.01208 -1.59105
-3.0275 -1.49377
-3.04195 -1.39633
-3.05543 -1.29875
-3.06793 -1.20107
-3.07945 -1.10329
-3.08999 -1.00545
-3.09956 -0.907558
-3.10814 -0.809628
-3.11575 -0.711671
-3.12238 -0.613696
-3.12802 -0.515709
-3.13269 -0.417715
-3.13638 -0.319718
-3.13908 -0.221718
-3.14081 -0.123718
-3.14156 -0.0257184
-3.14133 0.0722816
-3.14011 0.170282
-3.13792 0.268281
-3.13475 0.36628
-3.13059 0.464276
-3.12546 0.562267
-3.11935 0.660249
-3.11226 0.758216
-3.10419 0.856162
-3.09513 0.954076
-3.0851 1.05195
-3.0741 1.14976
-3.06211 1.24749
-3.04915 1.34513
-3.03521 1.44265
-3.02029 1.54001
-3.00441 1.6372
-2.98755 1.73416
-2.96972 1.83086
-2.95093 1.92725
-2.93118 2.02329
-2.91047 2.11891
-2.8888 2.21406
-2.86619 2.30866
-2.84263 2.40265
-2.81814 2.49594
-2.79272 2.58845
-2.76637 2.6801
-2.73912 2.77078
-2.71096 2.8604
-2.68191 2.94885
-2.65199 3.03602
-2.6212 3.12179
-2.58956 3.20603
-2.55708 3.28863
-2.52379 3.36945
-2.4897 3.44836
-2.45483 3.52521
-2.4192 3.59988
-2.38284 3.67221
-2.34577 3.74206
-2.30801 3.8093
-2.26959 3.87377
-2.23054 3.93534
-2.19089 3.99386
-2.15068 4.04919
-2.10992 4.10121
-2.06866 4.14977
-2.02694 4.19477
-1.98478 4.23607
-1.94223 4.27357
-1.89932 4.30718
-1.8561 4.33678
-1.8126 4.36231
-1.76887 4.3837
-1.72494 4.40086
-1.68086 4.41377
-1.63668 4.42238
-1.59243 4.42667
-1.54816 4.42662
-1.50391 4.42224
-1.45973 4.41353
-1.41566 4.40052
-1.37173 4.38326
-1.328 4.36178
-1.28451 4.33616
-1.2413 4.30646
-1.1984 4.27277
-1.15585 4.23518
-1.1137 4.19379
-1.07199 4.14871
-1.03074 4.10007
-0.989999 4.04798
-0.949794 3.99257
-0.910159 3.93398
-0.871125 3.87234
-0.832722 3.80781
-0.794978 3.74051
-0.75792 3.6706
-0.721574 3.59821
-0.685964 3.52349
-0.651111 3.44659
-0.617039 3.36764
-0.583765 3.28678
-0.551309 3.20414
-0.519688 3.11986
-0.488917 3.03406
-0.459011 2.94686
-0.429984 2.85839
-0.401847 2.76874
-0.374612 2.67804
-0.34829 2.58637
-0.322888 2.49383
-0.298416 2.40053
-0.27488 2.30652
-0.252287 2.21191
-0.230643 2.11675
-0.209954 2.02112
-0.190222 1.92508
-0.171453 1.82867
-0.15365 1.73197
-0.136815 1.635
-0.120951 1.53781
-0.106059 1.44044
-0.0921424 1.34292
-0.0792013 1.24528
-0.0672371 1.14754
-0.0562507 1.04973
-0.0462427 0.951858
-0.0372137 0.853944
-0.029164 0.755998
-0.0220938 0.65803
-0.0160034 0.560048
-0.0108929 0.462057
-0.0067623 0.36406
-0.00361169 0.266062
-0.00144107 0.168062
-0.000250449 0.0700621
-3.98282e-05 -0.0279379
-0.000809208 -0.125938
-0.00255859 -0.223938
-0.00528796 -0.321937
-0.00899732 -0.419935
-0.0136866 -0.517928
-0.0193559 -0.615915
-0.0260049 -0.71389
-0.0336336 -0.811846
-0.0422417 -0.909776
-0.051829 -1.00767
-0.0623949 -1.10551
-0.0739389 -1.20328
-0.0864602 -1.30096
-0.0999578 -1.39854
-0.114431 -1.49598
-0.129877 -1.59325
-0.146295 -1.69031
-0.163682 -1.78714
-0.182037 -1.88368
-0.201355 -1.97988
-0.221633 -2.0757
-0.242867 -2.17107
-0.265053 -2.26593
-0.288184 -2.3602
-0.312254 -2.45382
-0.337258 -2.54669
-0.363186 -2.63874
-0.39003 -2.72988
-0.41778 -2.81999
-0.446426 -2.90898
-0.475955 -2.99675
-0.506356 -3.08316
-0.537614 -3.16811
-0.569713 -3.25147
-0.602637 -3.33311
-0.636369 -3.4129
-0.670889 -3.4907
-0.706176 -3.56637
-0.742208 -3.63978
-0.778963 -3.71077
-0.816415 -3.77921
-0.854539 -3.84495
-0.893305 -3.90785
-0.932686 -3.96777
-0.97265 -4.02456
-1.01317 -4.07809
-1.0542 -4.12823
-1.09572 -4.17486
-1.13769 -4.21785
-1.18006 -4.25708
-1.22281 -4.29246
-1.2659 -4.32389
-1.30928 -4.35127
-1.35291 -4.37454
-1.39676 -4.39362
-1.44077 -4.40846
-1.48491 -4.41902
-1.52914 -4.42527
-1.5734 -4.42718
-1.61766 -4.42476
-1.66188 -4.418
-1.70601 -4.40694
-1.75001 -4.39159
-1.79383 -4.37202
-1.83743 -4.34826
-1.88078 -4.3204
-1.92383 -4.2885
-1.96654 -4.25266
-2.00887 -4.21298
-2.05078 -4.16956
-2.09225 -4.12251
-2.13322 -4.07196
-2.17367 -4.01804
-2.21357 -3.96087
-2.25288 -3.9006
-2.29157 -3.83736
-2.32962 -3.77129
-2.36699 -3.70255
-2.40366 -3.63126
-2.43961 -3.55758
-2.47481 -3.48165
-2.50923 -3.40361
-2.54287 -3.3236
-2.5757 -3.24175
-2.6077 -3.15819
-2.63886 -3.07307
-2.66916 -2.98649
-2.69858 -2.89857
-2.72713 -2.80944
-2.75477 -2.7192
-2.78151 -2.62796
-2.80733 -2.53581
-2.83222 -2.44284
-2.85618 -2.34914
-2.8792 -2.25479
-2.90127 -2.15987
-2.9224 -2.06445
-2.94256 -1.96858
-2.96177 -1.87233
-2.98001 -1.77576
-2.99728 -1.6789
-3.01358 -1.58181
-3.02892 -1.48452
-3.04327 -1.38706
-3.05666 -1.28947
-3.06906 -1.19178
-3.08049 -1.094
-3.09094 -0.99615
-3.10041 -0.898253
-3.10891 -0.80032
-3.11642 -0.702361
-3.12295 -0.604385
-3.12851 -0.506397
-3.13308 -0.408403
-3.13668 -0.310405
-3.13929 -0.212406
-3.14092 -0.114406
-3.14158 -0.0164057
-3.14125 0.0815943
-3.13995 0.179594
-3.13766 0.277594
-3.1344 0.375592
-3.13015 0.473588
-3.12492 0.571578
-3.11872 0.669559
-3.11153 0.767525
-3.10337 0.865468
-3.09422 0.963378
-3.0841 1.06124
-3.073 1.15905
-3.06092 1.25678
-3.04786 1.3544
-3.03383 1.45191
-3.01883 1.54926
-3.00285 1.64642
-2.9859 1.74336
-2.96798 1.84003
-2.9491 1.9364
-2.92925 2.0324
-2.90845 2.12798
-2.8867 2.22307
-2.86399 2.31762
-2.84035 2.41154
-2.81576 2.50477
-2.79025 2.5972
-2.76382 2.68876
-2.73648 2.77935
-2.70824 2.86886
-2.67911 2.95719
-2.6491 3.04423
-2.61823 3.12986
-2.58651 3.21396
-2.55395 3.29639
-2.52059 3.37703
-2.48642 3.45575
-2.45148 3.5324
-2.41578 3.60685
-2.37935 3.67896
-2.34221 3.74857
-2.30439 3.81555
-2.26591 3.87975
-2.2268 3.94103
-2.1871 3.99926
-2.14683 4.05428
-2.10602 4.10597
-2.06472 4.1542
-2.02295 4.19885
-1.98075 4.2398
-1.93817 4.27694
-1.89523 4.31016
-1.85198 4.33939
-1.80845 4.36453
-1.7647 4.38551
-1.72076 4.40228
-1.67667 4.41478
-1.63248 4.42298
-1.58822 4.42685
-1.54395 4.42639
-1.49971 4.42159
-1.45554 4.41248
-1.41147 4.39906
-1.36757 4.3814
-1.32386 4.35952
-1.28039 4.33351
-1.2372 4.30343
-1.19434 4.26936
-1.15183 4.23141
-1.10972 4.18966
-1.06805 4.14424
-1.02685 4.09526
-0.986155 4.04285
-0.946003 3.98713
-0.906423 3.92825
-0.867448 3.86633
-0.829106 3.80153
-0.791426 3.73398
-0.754435 3.66382
-0.718158 3.59121
-0.682619 3.51628
-0.64784 3.43917
-0.613842 3.36004
-0.580645 3.279
-0.548268 3.1962
-0.516727 3.11177
-0.486037 3.02583
-0.456215 2.93851
-0.427272 2.84992
-0.39922 2.76017
-0.372072 2.66936
-0.345836 2.57761
-0.320522 2.485
-0.296139 2.39162
-0.272692 2.29756
-0.25019 2.20289
-0.228636 2.10768
-0.208037 2.01201
-0.188397 1.91593
-0.16972 1.8195
-0.152008 1.72276
-0.135266 1.62577
-0.119494 1.52856
-0.104695 1.43118
-0.0908707 1.33365
-0.0780224 1.236
-0.0661511 1.13825
-0.0552576 1.04043
-0.0453426 0.942556
-0.0364066 0.844637
-0.02845 0.746689
-0.0214729 0.648719
-0.0154756 0.550736
-0.0104582 0.452744
-0.00642077 0.354748
-0.00336328 0.256749
-0.00128579 0.158749
-0.000188297 0.0607494
-7.08034e-05 -0.0372506
-0.00093331 -0.135251
-0.00277581 -0.23325
-0.00559832 -0.33125
-0.0094008 -0.429247
-0.0141832 -0.52724
-0.0199456 -0.625226
-0.0266877 -0.723199
-0.0344095 -0.821153
-0.0431107 -0.91908
-0.052791 -1.01697
-0.0634499 -1.1148
-0.0750868 -1.21257
-0.0877009 -1.31024
-0.101291 -1.4078
-0.115857 -1.50523
-0.131395 -1.60248
-0.147905 -1.69953
-0.165385 -1.79633
-0.183831 -1.89284
-0.203241 -1.98901
-0.22361 -2.08478
-0.244935 -2.18011
-0.26721 -2.27491
-0.290431 -2.36913
-0.31459 -2.46268
-0.339682 -2.55548
-0.365697 -2.64745
-0.392628 -2.73849
-0.420464 -2.8285
-0.449194 -2.91738
-0.478807 -3.00502
-0.50929 -3.0913
-0.540628 -3.1761
-0.572806 -3.2593
-0.605808 -3.34077
-0.639616 -3.42038
-0.674209 -3.49798
-0.709568 -3.57345
-0.745671 -3.64663
-0.782493 -3.71739
-0.82001 -3.78558
-0.858195 -3.85105
-0.897021 -3.91367
-0.936459 -3.9733
-0.976477 -4.02979
-1.01704 -4.083
-1.05813 -4.13282
-1.09969 -4.1791
-1.1417 -4.22174
-1.18411 -4.26061
-1.22689 -4.29562
