0 0
-0.000489606 -0.0978423
-0.00195369 -0.194738
-0.00437812 -0.289762
-0.00773978 -0.382046
-0.0120073 -0.470823
-0.0171424 -0.555448
-0.0231008 -0.635417
-0.029834 -0.710368
-0.0372906 -0.780077
-0.0454177 -0.844446
-0.0541617 -0.903481
-0.0634699 -0.957278
-0.0732904 -1.006
-0.0835736 -1.04986
-0.0942722 -1.0891
-0.105341 -1.124
-0.116739 -1.15483
-0.128425 -1.18187
-0.140364 -1.2054
-0.152522 -1.22569
-0.164868 -1.243
-0.177373 -1.25756
-0.190011 -1.26962
-0.202758 -1.27938
-0.215592 -1.28704
-0.228492 -1.29279
-0.241442 -1.29679
-0.254423 -1.29922
-0.267421 -1.3002
-0.280423 -1.29988
-0.293415 -1.29838
-0.306387 -1.2958
-0.319328 -1.29226
-0.332229 -1.28784
-0.345082 -1.28263
-0.357879 -1.27672
-0.370614 -1.27016
-0.383281 -1.26303
-0.395873 -1.25539
-0.408387 -1.24729
-0.420818 -1.23879
-0.433161 -1.22992
-0.445415 -1.22074
-0.457575 -1.21127
-0.46964 -1.20156
-0.481606 -1.19164
-0.493472 -1.18153
-0.505236 -1.17126
-0.516897 -1.16086
-0.528453 -1.15034
-0.539903 -1.13974
-0.551247 -1.12906
-0.562484 -1.11832
-0.573613 -1.10754
-0.584635 -1.09674
-0.595548 -1.08592
-0.606353 -1.0751
-0.61705 -1.06428
-0.627639 -1.05348
-0.63812 -1.0427
-0.648493 -1.03196
-0.658759 -1.02126
-0.668918 -1.0106
-0.678971 -0.99999
-0.688918 -0.989439
-0.69876 -0.97895
-0.708498 -0.968526
-0.718131 -0.95817
-0.727661 -0.947886
-0.737089 -0.937677
-0.746415 -0.927545
-0.75564 -0.917493
-0.764765 -0.907523
-0.773791 -0.897636
-0.782718 -0.887833
-0.791548 -0.878117
-0.800281 -0.868487
-0.808918 -0.858945
-0.81746 -0.849492
-0.825908 -0.840128
-0.834263 -0.830853
-0.842525 -0.821669
-0.850696 -0.812574
-0.858777 -0.80357
-0.866768 -0.794655
-0.87467 -0.785831
-0.882485 -0.777097
-0.890213 -0.768452
-0.897854 -0.759896
-0.905411 -0.75143
-0.912883 -0.743052
-0.920272 -0.734763
-0.927579 -0.726561
-0.934804 -0.718446
-0.941948 -0.710418
-0.949012 -0.702476
-0.955998 -0.694619
-0.962905 -0.686848
-0.969735 -0.67916
-0.976489 -0.671556
-0.983166 -0.664034
-0.98977 -0.656595
-0.996299 -0.649237
-1.00275 -0.641959
-1.00914 -0.634762
-1.01545 -0.627643
-1.02169 -0.620604
-1.02786 -0.613641
-1.03396 -0.606756
-1.04 -0.599947
-1.04596 -0.593214
-1.05186 -0.586555
-1.05769 -0.57997
-1.06346 -0.573458
-1.06916 -0.567019
-1.0748 -0.560651
-1.08038 -0.554355
-1.08589 -0.548128
-1.09134 -0.541971
-1.09673 -0.535883
-1.10206 -0.529863
-1.10733 -0.52391
-1.11254 -0.518023
-1.11769 -0.512203
-1.12278 -0.506447
-1.12782 -0.500756
-1.1328 -0.495129
-1.13772 -0.489565
-1.14259 -0.484063
-1.1474 -0.478623
-1.15216 -0.473244
-1.15687 -0.467925
-1.16152 -0.462666
-1.16612 -0.457466
-1.17067 -0.452324
-1.17517 -0.44724
-1.17961 -0.442212
-1.18401 -0.437242
-1.18836 -0.432327
-1.19266 -0.427467
-1.19691 -0.422662
-1.20111 -0.417911
-1.20527 -0.413214
-1.20938 -0.408569
-1.21344 -0.403976
-1.21746 -0.399435
-1.22143 -0.394945
-1.22535 -0.390505
-1.22924 -0.386115
-1.23308 -0.381775
-1.23687 -0.377483
-1.24063 -0.373239
-1.24434 -0.369044
-1.24801 -0.364895
-1.25164 -0.360793
-1.25522 -0.356737
-1.25877 -0.352727
-1.26228 -0.348762
-1.26575 -0.344841
-1.26918 -0.340965
-1.27257 -0.337132
-1.27592 -0.333342
-1.27923 -0.329595
-1.28251 -0.325889
-1.28575 -0.322226
-1.28895 -0.318604
-1.29212 -0.315022
-1.29526 -0.311481
-1.29835 -0.307979
-1.30141 -0.304517
-1.30444 -0.301094
-1.30744 -0.297709
-1.3104 -0.294363
-1.31332 -0.291054
-1.31622 -0.287782
-1.31908 -0.284547
-1.32191 -0.281348
-1.32471 -0.278185
-1.32747 -0.275058
-1.33021 -0.271966
-1.33291 -0.268909
-1.33559 -0.265886
-1.33823 -0.262897
-1.34084 -0.259942
-1.34343 -0.25702
-1.34599 -0.254131
-1.34851 -0.251274
-1.35101 -0.248449
-1.35348 -0.245656
-1.35592 -0.242895
-1.35834 -0.240165
-1.36073 -0.237465
-1.36309 -0.234796
-1.36542 -0.232156
-1.36773 -0.229547
-1.37001 -0.226966
-1.37227 -0.224415
-1.3745 -0.221892
-1.37671 -0.219398
-1.37889 -0.216932
-1.38105 -0.214493
-1.38318 -0.212082
-1.38529 -0.209698
-1.38737 -0.207341
-1.38944 -0.20501
-1.39148 -0.202706
-1.39349 -0.200427
-1.39548 -0.198174
-1.39745 -0.195947
-1.3994 -0.193744
-1.40133 -0.191566
-1.40323 -0.189413
-1.40512 -0.187284
-1.40698 -0.185178
-1.40882 -0.183097
-1.41064 -0.181039
-1.41244 -0.179004
-1.41422 -0.176992
-1.41598 -0.175002
-1.41772 -0.173035
-1.41944 -0.17109
-1.42114 -0.169167
-1.42283 -0.167265
-1.42449 -0.165385
-1.42613 -0.163526
-1.42776 -0.161688
-1.42937 -0.15987
-1.43096 -0.158073
-1.43253 -0.156297
-1.43408 -0.15454
-1.43562 -0.152803
-1.43714 -0.151085
-1.43864 -0.149387
-1.44013 -0.147708
-1.4416 -0.146047
-1.44305 -0.144406
-1.44448 -0.142782
-1.4459 -0.141177
-1.44731 -0.139591
-1.4487 -0.138021
-1.45007 -0.13647
-1.45143 -0.134936
-1.45277 -0.133419
-1.45409 -0.13192
-1.45541 -0.130437
-1.4567 -0.128971
-1.45799 -0.127521
-1.45925 -0.126087
-1.46051 -0.12467
-1.46175 -0.123269
-1.46297 -0.121883
-1.46418 -0.120513
-1.46538 -0.119159
-1.46657 -0.117819
-1.46774 -0.116495
-1.4689 -0.115185
-1.47004 -0.113891
-1.47118 -0.112611
-1.4723 -0.111345
-1.4734 -0.110093
-1.4745 -0.108856
-1.47558 -0.107632
-1.47665 -0.106422
-1.47771 -0.105226
-1.47875 -0.104043
-1.47979 -0.102874
-1.48081 -0.101717
-1.48182 -0.100574
-1.48282 -0.0994436
-1.48381 -0.0983259
-1.48479 -0.0972206
-1.48576 -0.0961278
-1.48671 -0.0950473
-1.48766 -0.093979
-1.48859 -0.0929226
-1.48952 -0.0918781
-1.49043 -0.0908454
-1.49133 -0.0898243
-1.49223 -0.0888146
-1.49311 -0.0878163
-1.49398 -0.0868292
-1.49485 -0.0858532
-1.4957 -0.0848882
-1.49654 -0.083934
-1.49738 -0.0829906
-1.4982 -0.0820578
-1.49902 -0.0811354
-1.49983 -0.0802234
-1.50062 -0.0793217
-1.50141 -0.0784301
-1.50219 -0.0775485
-1.50296 -0.0766768
-1.50373 -0.075815
-1.50448 -0.0749628
-1.50523 -0.0741202
-1.50596 -0.0732871
-1.50669 -0.0724633
-1.50741 -0.0716488
-1.50812 -0.0708434
-1.50883 -0.0700471
-1.50953 -0.0692598
-1.51021 -0.0684813
-1.5109 -0.0677115
-1.51157 -0.0669504
-1.51223 -0.0661979
-1.51289 -0.0654538
-1.51354 -0.0647181
-1.51419 -0.0639906
-1.51482 -0.0632714
-1.51545 -0.0625602
-1.51607 -0.061857
-1.51669 -0.0611617
-1.5173 -0.0604742
-1.5179 -0.0597945
-1.51849 -0.0591224
-1.51908 -0.0584578
-1.51966 -0.0578007
-1.52024 -0.0571511
-1.52081 -0.0565087
-1.52137 -0.0558735
-1.52192 -0.0552455
-1.52247 -0.0546245
-1.52302 -0.0540105
-1.52355 -0.0534034
-1.52408 -0.0528031
-1.52461 -0.0522096
-1.52513 -0.0516228
-1.52564 -0.0510425
-1.52615 -0.0504688
-1.52665 -0.0499015
-1.52715 -0.0493406
-1.52764 -0.048786
-1.52812 -0.0482376
-1.5286 -0.0476954
-1.52908 -0.0471593
-1.52955 -0.0466292
-1.53001 -0.0461051
-1.53047 -0.0455869
-1.53092 -0.0450745
-1.53137 -0.0445678
-1.53181 -0.0440669
-1.53225 -0.0435716
-1.53268 -0.0430818
-1.53311 -0.0425976
-1.53354 -0.0421187
-1.53395 -0.0416453
-1.53437 -0.0411772
-1.53478 -0.0407144
-1.53518 -0.0402567
-1.53558 -0.0398042
-1.53598 -0.0393568
-1.53637 -0.0389145
-1.53676 -0.038477
-1.53714 -0.0380446
-1.53752 -0.0376169
-1.53789 -0.0371941
-1.53826 -0.036776
-1.53863 -0.0363627
-1.53899 -0.0359539
-1.53935 -0.0355498
-1.5397 -0.0351502
-1.54005 -0.0347551
-1.5404 -0.0343645
-1.54074 -0.0339782
-1.54108 -0.0335963
-1.54141 -0.0332187
-1.54174 -0.0328453
-1.54207 -0.0324761
-1.54239 -0.032111
-1.54271 -0.0317501
-1.54302 -0.0313932
-1.54334 -0.0310404
-1.54364 -0.0306915
-1.54395 -0.0303465
-1.54425 -0.0300054
-1.54455 -0.0296681
-1.54485 -0.0293346
-1.54514 -0.0290049
-1.54543 -0.0286789
-1.54571 -0.0283565
-1.54599 -0.0280378
-1.54627 -0.0277227
-1.54655 -0.027411
-1.54682 -0.0271029
-1.54709 -0.0267983
-1.54736 -0.0264971
-1.54762 -0.0261992
-1.54788 -0.0259048
-1.54814 -0.0256136
-1.54839 -0.0253257
-1.54864 -0.025041
-1.54889 -0.0247596
-1.54914 -0.0244812
-1.54938 -0.0242061
-1.54962 -0.023934
-1.54986 -0.023665
-1.5501 -0.023399
-1.55033 -0.023136
-1.55056 -0.0228759
-1.55079 -0.0226188
-1.55101 -0.0223645
-1.55123 -0.0221132
-1.55145 -0.0218646
-1.55167 -0.0216188
-1.55189 -0.0213758
-1.5521 -0.0211356
-1.55231 -0.020898
-1.55252 -0.0206631
-1.55272 -0.0204308
-1.55293 -0.0202012
-1.55313 -0.0199741
-1.55332 -0.0197496
-1.55352 -0.0195276
-1.55372 -0.0193081
-1.55391 -0.0190911
-1.5541 -0.0188765
-1.55428 -0.0186643
-1.55447 -0.0184546
-1.55465 -0.0182471
-1.55484 -0.018042
-1.55501 -0.0178392
-1.55519 -0.0176387
-1.55537 -0.0174404
-1.55554 -0.0172444
-1.55571 -0.0170506
-1.55588 -0.0168589
-1.55605 -0.0166694
-1.55622 -0.0164821
-1.55638 -0.0162968
-1.55654 -0.0161136
-1.5567 -0.0159325
-1.55686 -0.0157534
-1.55702 -0.0155763
-1.55717 -0.0154013
-1.55732 -0.0152281
-1.55748 -0.015057
-1.55763 -0.0148877
-1.55777 -0.0147204
-1.55792 -0.0145549
-1.55806 -0.0143913
-1.55821 -0.0142296
-1.55835 -0.0140696
-1.55849 -0.0139115
-1.55863 -0.0137551
-1.55876 -0.0136005
-1.5589 -0.0134476
-1.55903 -0.0132965
-1.55917 -0.013147
-1.5593 -0.0129993
-1.55943 -0.0128531
-1.55955 -0.0127087
-1.55968 -0.0125658
-1.5598 -0.0124246
-1.55993 -0.0122849
-1.56005 -0.0121468
-1.56017 -0.0120103
-1.56029 -0.0118753
-1.56041 -0.0117418
-1.56053 -0.0116098
-1.56064 -0.0114793
-1.56076 -0.0113503
-1.56087 -0.0112227
-1.56098 -0.0110966
-1.56109 -0.0109719
-1.5612 -0.0108485
-1.56131 -0.0107266
-1.56141 -0.010606
-1.56152 -0.0104868
-1.56162 -0.0103689
-1.56173 -0.0102524
-1.56183 -0.0101372
-1.56193 -0.0100232
-1.56203 -0.00991055
-1.56213 -0.00979915
-1.56222 -0.009689
-1.56232 -0.0095801
-1.56242 -0.00947242
-1.56251 -0.00936594
-1.5626 -0.00926067
-1.5627 -0.00915658
-1.56279 -0.00905366
-1.56288 -0.00895189
-1.56297 -0.00885127
-1.56305 -0.00875178
-1.56314 -0.00865341
-1.56323 -0.00855614
-1.56331 -0.00845997
-1.5634 -0.00836488
-1.56348 -0.00827085
-1.56356 -0.00817789
-1.56364 -0.00808597
-1.56372 -0.00799508
-1.5638 -0.00790521
-1.56388 -0.00781636
-1.56396 -0.0077285
-1.56404 -0.00764163
-1.56411 -0.00755574
-1.56419 -0.00747081
-1.56426 -0.00738684
-1.56433 -0.00730381
-1.56441 -0.00722171
-1.56448 -0.00714054
-1.56455 -0.00706027
-1.56462 -0.00698092
-1.56469 -0.00690245
-1.56476 -0.00682486
-1.56483 -0.00674815
-1.56489 -0.0066723
-1.56496 -0.0065973
-1.56503 -0.00652315
-1.56509 -0.00644983
-1.56515 -0.00637733
-1.56522 -0.00630565
-1.56528 -0.00623477
-1.56534 -0.00616469
-1.5654 -0.0060954
-1.56546 -0.00602688
-1.56552 -0.00595914
-1.56558 -0.00589216
-1.56564 -0.00582593
-1.5657 -0.00576045
-1.56576 -0.0056957
-1.56581 -0.00563168
-1.56587 -0.00556837
-1.56593 -0.00550578
-1.56598 -0.0054439
-1.56603 -0.00538271
-1.56609 -0.00532221
-1.56614 -0.00526238
-1.56619 -0.00520323
-1.56625 -0.00514475
-1.5663 -0.00508692
-1.56635 -0.00502974
-1.5664 -0.00497321
-1.56645 -0.00491731
-1.5665 -0.00486203
-1.56654 -0.00480738
-1.56659 -0.00475335
-1.56664 -0.00469992
-1.56669 -0.00464709
-1.56673 -0.00459486
-1.56678 -0.00454321
-1.56682 -0.00449214
-1.56687 -0.00444165
-1.56691 -0.00439173
-1.56695 -0.00434236
-1.567 -0.00429355
-1.56704 -0.00424529
-1.56708 -0.00419758
-1.56712 -0.00415039
-1.56717 -0.00410374
-1.56721 -0.00405762
-1.56725 -0.00401201
-1.56729 -0.00396691
-1.56733 -0.00392232
-1.56737 -0.00387823
-1.5674 -0.00383464
-1.56744 -0.00379154
-1.56748 -0.00374892
-1.56752 -0.00370678
-1.56755 -0.00366512
-1.56759 -0.00362392
-1.56763 -0.00358319
-1.56766 -0.00354291
-1.5677 -0.00350309
-1.56773 -0.00346371
-1.56777 -0.00342478
-1.5678 -0.00338629
-1.56783 -0.00334822
-1.56787 -0.00331059
-1.5679 -0.00327338
-1.56793 -0.00323658
-1.56797 -0.0032002
-1.568 -0.00316423
-1.56803 -0.00312867
-1.56806 -0.0030935
-1.56809 -0.00305873
-1.56812 -0.00302435
-1.56815 -0.00299035
-1.56818 -0.00295674
-1.56821 -0.00292351
-1.56824 -0.00289065
-1.56827 -0.00285815
-1.5683 -0.00282603
-1.56832 -0.00279426
-1.56835 -0.00276286
-1.56838 -0.0027318
-1.56841 -0.00270109
-1.56843 -0.00267073
-1.56846 -0.00264071
-1.56849 -0.00261103
-1.56851 -0.00258168
-1.56854 -0.00255266
-1.56856 -0.00252397
-1.56859 -0.0024956
-1.56861 -0.00246755
-1.56864 -0.00243982
-1.56866 -0.00241239
-1.56869 -0.00238528
-1.56871 -0.00235846
-1.56873 -0.00233196
-1.56876 -0.00230574
-1.56878 -0.00227983
-1.5688 -0.0022542
-1.56882 -0.00222886
-1.56885 -0.00220381
-1.56887 -0.00217904
-1.56889 -0.00215455
-1.56891 -0.00213033
-1.56893 -0.00210638
-1.56895 -0.00208271
-1.56897 -0.0020593
-1.569 -0.00203615
-1.56902 -0.00201326
-1.56904 -0.00199063
-1.56906 -0.00196826
-1.56907 -0.00194614
-1.56909 -0.00192426
-1.56911 -0.00190263
-1.56913 -0.00188125
-1.56915 -0.0018601
-1.56917 -0.00183919
-1.56919 -0.00181852
-1.56921 -0.00179808
-1.56922 -0.00177787
-1.56924 -0.00175788
-1.56926 -0.00173813
-1.56928 -0.00171859
-1.56929 -0.00169927
-1.56931 -0.00168017
-1.56933 -0.00166129
-1.56934 -0.00164261
-1.56936 -0.00162415
-1.56938 -0.00160589
-1.56939 -0.00158784
-1.56941 -0.00156999
-1.56942 -0.00155235
-1.56944 -0.0015349
-1.56945 -0.00151765
-1.56947 -0.00150059
-1.56948 -0.00148372
-1.5695 -0.00146704
-1.56951 -0.00145055
-1.56953 -0.00143425
-1.56954 -0.00141813
-1.56956 -0.00140219
-1.56957 -0.00138643
-1.56958 -0.00137084
-1.5696 -0.00135543
-1.56961 -0.0013402
-1.56962 -0.00132514
-1.56964 -0.00131024
-1.56965 -0.00129551
-1.56966 -0.00128095
-1.56968 -0.00126655
-1.56969 -0.00125232
-1.5697 -0.00123824
-1.56971 -0.00122432
-1.56973 -0.00121056
-1.56974 -0.00119695
-1.56975 -0.0011835
-1.56976 -0.0011702
-1.56977 -0.00115704
-1.56978 -0.00114404
-1.5698 -0.00113118
-1.56981 -0.00111846
-1.56982 -0.00110589
-1.56983 -0.00109346
-1.56984 -0.00108117
-1.56985 -0.00106902
-1.56986 -0.001057
-1.56987 -0.00104512
-1.56988 -0.00103337
-1.56989 -0.00102176
-1.5699 -0.00101027
-1.56991 -0.000998919
-1.56992 -0.000987691
-1.56993 -0.000976589
-1.56994 -0.000965612
-1.56995 -0.000954758
-1.56996 -0.000944027
-1.56997 -0.000933416
-1.56998 -0.000922924
-1.56999 -0.00091255
-1.57 -0.000902293
-1.57001 -0.000892151
-1.57002 -0.000882123
-1.57002 -0.000872208
-1.57003 -0.000862404
-1.57004 -0.00085271
-1.57005 -0.000843126
-1.57006 -0.000833649
-1.57007 -0.000824278
-1.57008 -0.000815013
-1.57008 -0.000805852
-1.57009 -0.000796795
-1.5701 -0.000787838
-1.57011 -0.000778983
-1.57011 -0.000770227
-1.57012 -0.00076157
-1.57013 -0.000753009
-1.57014 -0.000744545
-1.57015 -0.000736177
-1.57015 -0.000727902
-1.57016 -0.00071972
-1.57017 -0.00071163
-1.57017 -0.000703631
-1.57018 -0.000695722
-1.57019 -0.000687902
-1.57019 -0.00068017
-1.5702 -0.000672525
-1.57021 -0.000664966
-1.57021 -0.000657491
-1.57022 -0.000650101
-1.57023 -0.000642794
-1.57023 -0.000635569
-1.57024 -0.000628425
-1.57025 -0.000621361
-1.57025 -0.000614377
-1.57026 -0.000607471
-1.57026 -0.000600643
-1.57027 -0.000593892
-1.57028 -0.000587216
-1.57028 -0.000580616
-1.57029 -0.00057409
-1.57029 -0.000567637
-1.5703 -0.000561256
-1.57031 -0.000554948
-1.57031 -0.00054871
-1.57032 -0.000542542
-1.57032 -0.000536444
-1.57033 -0.000530414
-1.57033 -0.000524452
-1.57034 -0.000518557
-1.57034 -0.000512729
-1.57035 -0.000506966
-1.57035 -0.000501267
-1.57036 -0.000495633
-1.57036 -0.000490062
-1.57037 -0.000484553
-1.57037 -0.000479107
-1.57038 -0.000473722
-1.57038 -0.000468397
-1.57039 -0.000463132
-1.57039 -0.000457926
-1.5704 -0.000452779
-1.5704 -0.00044769
-1.5704 -0.000442658
-1.57041 -0.000437682
-1.57041 -0.000432763
-1.57042 -0.000427898
-1.57042 -0.000423089
-1.57043 -0.000418333
-1.57043 -0.000413631
-1.57043 -0.000408982
-1.57044 -0.000404384
-1.57044 -0.000399839
-1.57045 -0.000395345
-1.57045 -0.000390901
-1.57045 -0.000386507
-1.57046 -0.000382163
-1.57046 -0.000377867
-1.57047 -0.00037362
-1.57047 -0.00036942
-1.57047 -0.000365268
-1.57048 -0.000361162
-1.57048 -0.000357103
-1.57048 -0.000353089
-1.57049 -0.00034912
-1.57049 -0.000345196
-1.57049 -0.000341316
-1.5705 -0.000337479
-1.5705 -0.000333686
-1.5705 -0.000329935
-1.57051 -0.000326227
-1.57051 -0.00032256
-1.57051 -0.000318934
-1.57052 -0.000315349
-1.57052 -0.000311805
-1.57052 -0.0003083
-1.57053 -0.000304835
-1.57053 -0.000301408
-1.57053 -0.00029802
-1.57054 -0.000294671
-1.57054 -0.000291359
-1.57054 -0.000288084
-1.57054 -0.000284845
-1.57055 -0.000281644
-1.57055 -0.000278478
-1.57055 -0.000275348
-1.57056 -0.000272253
-1.57056 -0.000269193
-1.57056 -0.000266167
-1.57056 -0.000263175
-1.57057 -0.000260217
-1.57057 -0.000257292
-1.57057 -0.0002544
-1.57057 -0.000251541
-1.57058 -0.000248713
-1.57058 -0.000245918
-1.57058 -0.000243154
-1.57058 -0.00024042
-1.57059 -0.000237718
-1.57059 -0.000235046
-1.57059 -0.000232404
-1.57059 -0.000229792
-1.5706 -0.000227209
-1.5706 -0.000224655
-1.5706 -0.00022213
-1.5706 -0.000219633
-1.5706 -0.000217164
-1.57061 -0.000214723
-1.57061 -0.00021231
-1.57061 -0.000209923
-1.57061 -0.000207564
-1.57061 -0.000205231
-1.57062 -0.000202924
-1.57062 -0.000200643
-1.57062 -0.000198388
-1.57062 -0.000196158
-1.57062 -0.000193953
-1.57063 -0.000191773
-1.57063 -0.000189617
-1.57063 -0.000187486
-1.57063 -0.000185379
-1.57063 -0.000183295
-1.57064 -0.000181235
-1.57064 -0.000179198
-1.57064 -0.000177183
-1.57064 -0.000175192
-1.57064 -0.000173223
-1.57064 -0.000171276
-1.57065 -0.00016935
-1.57065 -0.000167447
-1.57065 -0.000165565
-1.57065 -0.000163704
-1.57065 -0.000161864
-1.57065 -0.000160044
-1.57066 -0.000158245
-1.57066 -0.000156467
-1.57066 -0.000154708
-1.57066 -0.000152969
-1.57066 -0.00015125
-1.57066 -0.00014955
-1.57067 -0.000147869
-1.57067 -0.000146206
-1.57067 -0.000144563
-1.57067 -0.000142938
-1.57067 -0.000141332
-1.57067 -0.000139743
-1.57067 -0.000138172
-1.57068 -0.000136619
-1.57068 -0.000135083
-1.57068 -0.000133565
-1.57068 -0.000132064
-1.57068 -0.000130579
-1.57068 -0.000129112
-1.57068 -0.00012766
-1.57068 -0.000126225
-1.57069 -0.000124807
-1.57069 -0.000123404
-1.57069 -0.000122017
-1.57069 -0.000120645
-1.57069 -0.000119289
-1.57069 -0.000117948
-1.57069 -0.000116623
-1.57069 -0.000115312
-1.5707 -0.000114016
-1.5707 -0.000112734
-1.5707 -0.000111467
-1.5707 -0.000110214
-1.5707 -0.000108975
-1.5707 -0.00010775
-1.5707 -0.000106539
-1.5707 -0.000105342
-1.5707 -0.000104158
-1.57071 -0.000102987
-1.57071 -0.000101829
-1.57071 -0.000100685
-1.57071 -9.95529e-05
-1.57071 -9.84339e-05
-1.57071 -9.73275e-05
-1.57071 -9.62335e-05
-1.57071 -9.51518e-05
-1.57071 -9.40823e-05
-1.57071 -9.30248e-05
-1.57071 -9.19792e-05
-1.57072 -9.09453e-05
-1.57072 -8.99231e-05
-1.57072 -8.89123e-05
-1.57072 -8.79129e-05
-1.57072 -8.69248e-05
-1.57072 -8.59477e-05
-1.57072 -8.49816e-05
-1.57072 -8.40264e-05
-1.57072 -8.3082e-05
-1.57072 -8.21481e-05
-1.57072 -8.12247e-05
-1.57073 -8.03118e-05
-1.57073 -7.9409e-05
-1.57073 -7.85165e-05
-1.57073 -7.76339e-05
-1.57073 -7.67613e-05
-1.57073 -7.58985e-05
-1.57073 -7.50454e-05
-1.57073 -7.42019e-05
-1.57073 -7.33678e-05
-1.57073 -7.25431e-05
-1.57073 -7.17277e-05
-1.57073 -7.09215e-05
-1.57073 -7.01243e-05
-1.57073 -6.93361e-05
-1.57074 -6.85568e-05
-1.57074 -6.77862e-05
-1.57074 -6.70243e-05
-1.57074 -6.62709e-05
-1.57074 -6.5526e-05
-1.57074 -6.47895e-05
-1.57074 -6.40612e-05
-1.57074 -6.33412e-05
-1.57074 -6.26292e-05
-1.57074 -6.19252e-05
-1.57074 -6.12292e-05
-1.57074 -6.05409e-05
-1.57074 -5.98605e-05
-1.57074 -5.91876e-05
-1.57074 -5.85223e-05
-1.57075 -5.78645e-05
-1.57075 -5.72141e-05
-1.57075 -5.6571e-05
-1.57075 -5.59351e-05
-1.57075 -5.53064e-05
-1.57075 -5.46848e-05
-1.57075 -5.40701e-05
-1.57075 -5.34623e-05
-1.57075 -5.28614e-05
-1.57075 -5.22672e-05
-1.57075 -5.16798e-05
-1.57075 -5.10989e-05
-1.57075 -5.05245e-05
-1.57075 -4.99566e-05
-1.57075 -4.93951e-05
-1.57075 -4.88399e-05
-1.57075 -4.82909e-05
-1.57075 -4.77481e-05
-1.57075 -4.72114e-05
-1.57076 -4.66807e-05
-1.57076 -4.6156e-05
-1.57076 -4.56372e-05
-1.57076 -4.51243e-05
-1.57076 -4.4617e-05
-1.57076 -4.41155e-05
-1.57076 -4.36197e-05
-1.57076 -4.31294e-05
-1.57076 -4.26446e-05
-1.57076 -4.21653e-05
-1.57076 -4.16913e-05
-1.57076 -4.12227e-05
-1.57076 -4.07594e-05
-1.57076 -4.03012e-05
-1.57076 -3.98482e-05
-1.57076 -3.94003e-05
-1.57076 -3.89574e-05
-1.57076 -3.85196e-05
-1.57076 -3.80866e-05
-1.57076 -3.76585e-05
-1.57076 -3.72352e-05
-1.57076 -3.68167e-05
-1.57076 -3.64028e-05
-1.57076 -3.59937e-05
-1.57076 -3.55891e-05
-1.57077 -3.51891e-05
-1.57077 -3.47935e-05
-1.57077 -3.44024e-05
-1.57077 -3.40158e-05
-1.57077 -3.36334e-05
-1.57077 -3.32554e-05
-1.57077 -3.28816e-05
-1.57077 -3.2512e-05
-1.57077 -3.21465e-05
-1.57077 -3.17852e-05
-1.57077 -3.14279e-05
-1.57077 -3.10747e-05
-1.57077 -3.07254e-05
-1.57077 -3.038e-05
-1.57077 -3.00385e-05
-1.57077 -2.97009e-05
-1.57077 -2.93671e-05
-1.57077 -2.9037e-05
-1.57077 -2.87106e-05
-1.57077 -2.83879e-05
-1.57077 -2.80688e-05
-1.57077 -2.77533e-05
-1.57077 -2.74413e-05
-1.57077 -2.71329e-05
-1.57077 -2.68279e-05
-1.57077 -2.65264e-05
-1.57077 -2.62282e-05
-1.57077 -2.59334e-05
-1.57077 -2.56419e-05